9 0.3046875 0.65390625 0.36953125 0.56875
11 0.1578125 0.7640625 0.08203125 0.24453125
11 0.70546875 0.6390625 0.0734375 0.09765625
11 0.75703125 0.5875 0.078125 0.1125
13 0.290625 0.54375 0.2515625 0.34765625
6 0.37734375 0.73515625 0.196875 0.365625
7 0.2421875 0.8703125 0.0859375 0.1328125
4 0.68359375 0.475 0.23359375 0.42734375
3 0.64140625 0.55546875 0.08125 0.1328125
3 0.6515625 0.41484375 0.10234375 0.09375
1 0.66015625 0.3640625 0.103125 0.0875
2 0.671875 0.3140625 0.15 0.0984375
0 0.7234375 0.4359375 0.05234375 0.13515625