9 0.30078125 0.67109375 0.36484375 0.57265625
11 0.16171875 0.78046875 0.0953125 0.25078125
7 0.23671875 0.8796875 0.08984375 0.12578125
4 0.66171875 0.47734375 0.26875 0.471875
11 0.68984375 0.64921875 0.0796875 0.09921875
11 0.73828125 0.5890625 0.07265625 0.10390625
3 0.63203125 0.5703125 0.08828125 0.128125
3 0.63828125 0.43203125 0.0953125 0.0953125
2 0.66484375 0.32734375 0.1421875 0.0984375
0 0.71171875 0.44765625 0.04296875 0.12890625
1 0.64140625 0.375 0.1015625 0.0765625
13 0.1308333328125 0.53693658125 0.15 0.7030624999999999 0.20166666718749998 0.8045018374999999 0.44333333281250004 0.5060643375 0.365 0.37669209531250003 0.1991666671875 0.4237362125 0.1308333328125 0.53693658125
6 0.4891666671875 0.8118520218749999 0.49583333281249997 0.628085478125 0.4441666671875 0.5163547796875 0.20650404687499999 0.8070719625 0.25166666718749997 0.8045018374999999 0.26749999999999996 0.8530156249999999 0.3025 0.9471047796875001 0.3691666671875 0.9471047796875001 0.445 0.9235827203125 0.4891666671875 0.8118520218749999