9 0.31171875 0.64609375 0.3734375 0.58515625
11 0.1625 0.7453125 0.09375 0.25390625
11 0.7109375 0.6296875 0.06640625 0.096875
11 0.759375 0.58046875 0.06796875 0.115625
13 0.25859375 0.509375 0.17734375 0.24921875
6 0.3796875 0.7390625 0.15390625 0.2421875
2 0.67734375 0.3 0.12890625 0.1
1 0.6609375 0.35546875 0.10078125 0.08125
3 0.65859375 0.4078125 0.10078125 0.10234375
3 0.63671875 0.54140625 0.09921875 0.1296875
0 0.72890625 0.42734375 0.04375 0.13046875
7 0.246875 0.85859375 0.08359375 0.1390625
4 0.68203125 0.47109375 0.24765625 0.4703125