9 0.31640625 0.63359375 0.3734375 0.56796875
7 0.2484375 0.853125 0.09296875 0.13203125
11 0.16796875 0.74453125 0.0859375 0.25625
13 0.29609375 0.53203125 0.24765625 0.36484375
6 0.3859375 0.7046875 0.21171875 0.3875
4 0.6921875 0.4671875 0.22734375 0.43046875
3 0.65859375 0.409375 0.10546875 0.096875
3 0.64765625 0.5453125 0.0875 0.13046875
11 0.71015625 0.62734375 0.08125 0.10703125
11 0.7609375 0.5734375 0.078125 0.10625
2 0.6859375 0.30078125 0.14453125 0.1078125
1 0.66875 0.34765625 0.1125 0.0765625
0 0.734375 0.4203125 0.05703125 0.1453125