9 0.39375 0.54609375 0.44765625 0.71328125
11 0.2265625 0.66015625 0.11015625 0.30078125
7 0.31796875 0.81328125 0.1125 0.16953125
13 0.38125 0.4265625 0.3125 0.46171875
6 0.4828125 0.64375 0.259375 0.43671875
4 0.86328125 0.3546875 0.26796875 0.54296875
3 0.83046875 0.27890625 0.13046875 0.12734375
3 0.80234375 0.44375 0.11484375 0.16875
0 0.91640625 0.29921875 0.075 0.1703125
1 0.82265625 0.2078125 0.13828125 0.09375
2 0.85 0.14140625 0.18359375 0.1265625
11 0.884375 0.5609375 0.1078125 0.134375
11 0.95078125 0.49296875 0.0921875 0.13203125