9 0.2921875 0.67578125 0.36796875 0.56015625
11 0.15078125 0.7796875 0.08984375 0.228125
7 0.23203125 0.89140625 0.078125 0.13203125
13 0.24375 0.55078125 0.18515625 0.30234375
6 0.36015625 0.75546875 0.1515625 0.2859375
4 0.66015625 0.496875 0.22734375 0.43828125
11 0.6890625 0.65078125 0.0734375 0.0984375
11 0.73671875 0.59765625 0.0734375 0.1203125
3 0.6390625 0.43125 0.10078125 0.096875
3 0.62109375 0.57265625 0.084375 0.11953125
0 0.70625 0.45546875 0.0484375 0.13046875
2 0.65625 0.32265625 0.14296875 0.08515625
1 0.64296875 0.38671875 0.09609375 0.07734375