9 0.34296875 0.5828125 0.38125 0.590625
11 0.1890625 0.69140625 0.08671875 0.253125
11 0.75625 0.59609375 0.0828125 0.1078125
11 0.81015625 0.5375 0.08671875 0.11875
13 0.328125 0.4734375 0.2625 0.3734375
6 0.42265625 0.66796875 0.20390625 0.3640625
7 0.275 0.80859375 0.0984375 0.1453125
4 0.74140625 0.41953125 0.24453125 0.45546875
3 0.68828125 0.5 0.09296875 0.13203125
3 0.71015625 0.3546875 0.1203125 0.1125
2 0.72890625 0.24921875 0.1578125 0.1
1 0.71015625 0.29375 0.11640625 0.08671875
0 0.7828125 0.3734375 0.05703125 0.15390625