9 0.3 0.66875 0.3890625 0.58671875
11 0.159375 0.765625 0.08515625 0.23984375
7 0.240625 0.87890625 0.0984375 0.1390625
13 0.28828125 0.56015625 0.240625 0.3703125
6 0.37578125 0.72265625 0.18203125 0.35234375
4 0.67578125 0.48359375 0.240625 0.41484375
11 0.696875 0.64453125 0.07890625 0.096875
11 0.74921875 0.5890625 0.0734375 0.10390625
3 0.6484375 0.425 0.096875 0.0953125
3 0.6359375 0.5640625 0.08828125 0.1375
1 0.64453125 0.36796875 0.125 0.0734375
2 0.66953125 0.31796875 0.1375 0.09453125
0 0.7203125 0.43203125 0.04921875 0.12421875