16 0.596875 0.53984375 0.58828125 0.91953125
10 0.55078125 0.65703125 0.22421875 0.40078125
10 0.740625 0.4296875 0.10703125 0.2046875
10 0.64453125 0.52421875 0.08125 0.32265625
10 0.6875 0.275 0.165625 0.07734375
10 0.5296875 0.2390625 0.0953125 0.06796875
10 0.3703125 0.6828125 0.0859375 0.2046875
10 0.54296875 0.91875 0.22578125 0.11796875
12 0.8046875 0.58671875 0.09140625 0.26015625
12 0.3625 0.41484375 0.1390625 0.2625
7 0.58671875 0.3125 0.07578125 0.1
7 0.58125 0.11171875 0.13671875 0.2234375
7 0.81328125 0.31171875 0.07734375 0.15390625