16 0.578125 0.53984375 0.5515625 0.90078125
7 0.57578125 0.1015625 0.13359375 0.203125
7 0.7859375 0.2859375 0.0828125 0.1296875
7 0.56171875 0.3 0.0703125 0.07734375
10 0.5109375 0.2484375 0.11796875 0.0578125
10 0.66796875 0.27578125 0.165625 0.07109375
10 0.7140625 0.4078125 0.1140625 0.2296875
10 0.61328125 0.50078125 0.0875 0.28984375
10 0.52734375 0.61796875 0.2015625 0.371875
10 0.51171875 0.8796875 0.21171875 0.12890625
10 0.3625 0.65546875 0.0703125 0.15625
12 0.36640625 0.41640625 0.125 0.25234375
12 0.77578125 0.5546875 0.1046875 0.271875