17 0.478125 0.44296875 0.39296875 0.68046875
5 0.49140625 0.1890625 0.08515625 0.17890625
5 0.5734375 0.2953125 0.07734375 0.19921875
5 0.53671875 0.7203125 0.0625 0.140625
5 0.46328125 0.71640625 0.0453125 0.11171875
15 0.5015625 0.6828125 0.0296875 0.1609375
15 0.5421875 0.61875 0.04453125 0.0671875
15 0.396875 0.6171875 0.1921875 0.0828125
15 0.3890625 0.7125 0.11015625 0.11015625
15 0.45546875 0.5484375 0.0421875 0.0640625
15 0.359375 0.52421875 0.14375 0.10390625
15 0.3453125 0.3203125 0.09453125 0.309375
15 0.4078125 0.24453125 0.06015625 0.234375
15 0.49765625 0.31796875 0.0875 0.13359375
14 0.62421875 0.5546875 0.078125 0.165625
14 0.4734375 0.45625 0.1546875 0.2515625