4 0.525 0.509375 0.51015625 0.76171875
3 0.3859375 0.40078125 0.18515625 0.34453125
3 0.36015625 0.4453125 0.1328125 0.27421875
3 0.365625 0.4203125 0.10234375 0.21015625
3 0.415625 0.375 0.13984375 0.296875
3 0.3953125 0.3484375 0.115625 0.228125
5 0.30546875 0.553125 0.07578125 0.159375
5 0.4125 0.7265625 0.134375 0.234375
5 0.59765625 0.79375 0.14296875 0.19609375
5 0.6859375 0.72734375 0.0625 0.16875
5 0.75078125 0.55703125 0.015625 0.084375
5 0.53203125 0.16484375 0.125 0.075
1 0.5359375 0.35625 0.1546875 0.2984375
1 0.49296875 0.33671875 0.065625 0.26015625
1 0.57265625 0.3578125 0.0640625 0.28671875
2 0.67109375 0.43671875 0.103125 0.296875
2 0.6453125 0.42109375 0.071875 0.2359375
2 0.6984375 0.43046875 0.059375 0.25703125
0 0.5578125 0.62578125 0.190625 0.19765625