16 0.48359375 0.5640625 0.4359375 0.72890625
12 0.3 0.48046875 0.0921875 0.2125
12 0.62421875 0.55703125 0.084375 0.221875
10 0.56640625 0.459375 0.09453125 0.196875
10 0.43515625 0.6375 0.165625 0.28515625
10 0.49921875 0.52109375 0.05859375 0.21015625
10 0.4125 0.33046875 0.075 0.0515625
10 0.54140625 0.334375 0.1390625 0.059375
10 0.3015625 0.66015625 0.053125 0.11953125
10 0.41484375 0.81796875 0.153125 0.1
7 0.47265625 0.228125 0.0859375 0.16796875
7 0.45625 0.38671875 0.05625 0.0640625
7 0.63828125 0.353125 0.06328125 0.11328125