4 0.53984375 0.490625 0.428125 0.71875
3 0.3984375 0.36875 0.15078125 0.29296875
3 0.41875 0.3203125 0.0828125 0.21484375
3 0.371875 0.4171875 0.10078125 0.20078125
1 0.546875 0.33984375 0.1421875 0.25703125
1 0.50859375 0.30390625 0.0578125 0.19765625
1 0.57890625 0.34375 0.0609375 0.25
2 0.67265625 0.4265625 0.0921875 0.26171875
2 0.65078125 0.409375 0.07890625 0.171875
2 0.6921875 0.45859375 0.0375 0.20703125
0 0.55234375 0.59375 0.171875 0.17578125
5 0.33125 0.5265625 0.0828125 0.13046875
5 0.40859375 0.68359375 0.11953125 0.228125
5 0.59375 0.76484375 0.2 0.1515625