10 0.49921875 0.53359375 0.128125 0.26953125
10 0.50078125 0.73203125 0.1640625 0.16171875
10 0.57109375 0.4296875 0.0625 0.23671875
10 0.63515625 0.36640625 0.0625 0.1546875
10 0.5671875 0.22890625 0.22109375 0.0640625
7 0.5515625 0.12578125 0.07265625 0.17890625
7 0.71640625 0.2609375 0.06328125 0.12890625
7 0.53203125 0.28046875 0.0515625 0.05390625
12 0.384375 0.3671875 0.10390625 0.20625
12 0.68828125 0.46640625 0.078125 0.221875
10 0.3828125 0.54375 0.0453125 0.13671875
16 0.5546875 0.43359375 0.4 0.6921875