4 0.51796875 0.496875 0.34140625 0.6671875
5 0.37578125 0.56953125 0.07421875 0.2171875
5 0.4875 0.7390625 0.2125 0.18046875
3 0.43046875 0.32734375 0.10234375 0.25
3 0.45703125 0.31640625 0.05859375 0.22421875
3 0.4 0.325 0.04765625 0.24296875
1 0.54609375 0.3921875 0.10703125 0.25546875
1 0.57734375 0.409375 0.0625 0.21171875
1 0.52265625 0.35 0.05859375 0.2
2 0.63046875 0.559375 0.134375 0.1890625
2 0.61015625 0.52265625 0.11328125 0.11953125
2 0.64921875 0.5578125 0.08671875 0.16328125
0 0.4921875 0.58671875 0.15546875 0.146875