10 0.4375 0.69453125 0.1421875 0.25703125
16 0.47265625 0.5984375 0.39921875 0.66953125
12 0.3015625 0.5140625 0.0875 0.20390625
12 0.61484375 0.60625 0.06796875 0.196875
10 0.49375 0.5765625 0.06171875 0.196875
10 0.43515625 0.68515625 0.159375 0.28359375
10 0.3078125 0.69921875 0.05546875 0.13515625
10 0.4375 0.8765625 0.17109375 0.13515625
10 0.56171875 0.50703125 0.0875 0.17578125
10 0.41484375 0.38203125 0.084375 0.0578125
10 0.534375 0.39296875 0.140625 0.06796875
7 0.4796875 0.27421875 0.0953125 0.1546875
7 0.46171875 0.43515625 0.0546875 0.06953125
7 0.6328125 0.4 0.05234375 0.12734375