17 0.484375 0.475 0.3765625 0.621875
5 0.42265625 0.23828125 0.115625 0.11484375
5 0.53359375 0.2890625 0.09921875 0.18203125
5 0.60234375 0.64609375 0.034375 0.17734375
5 0.5359375 0.721875 0.03984375 0.0953125
15 0.575 0.6296875 0.040625 0.18984375
15 0.43515625 0.6203125 0.24453125 0.0921875
15 0.41640625 0.73125 0.196875 0.10859375
15 0.340625 0.4171875 0.11953125 0.3203125
15 0.3484375 0.61953125 0.11015625 0.3109375
15 0.44375 0.3265625 0.084375 0.0859375
15 0.515625 0.36484375 0.065625 0.03046875
14 0.62734375 0.4359375 0.078125 0.1609375
14 0.48125 0.47734375 0.153125 0.17890625