16 0.5328125 0.45859375 0.43203125 0.73125
12 0.34453125 0.37890625 0.0734375 0.2296875
10 0.4765625 0.553125 0.1578125 0.29375
10 0.54296875 0.4453125 0.06953125 0.20234375
10 0.621875 0.37890625 0.084375 0.1640625
10 0.540625 0.24375 0.24296875 0.08515625
12 0.66875 0.496875 0.0828125 0.20078125
10 0.47421875 0.74765625 0.1796875 0.16171875
10 0.35078125 0.55546875 0.05078125 0.1390625
7 0.53046875 0.12265625 0.0859375 0.1796875
7 0.51015625 0.29140625 0.05546875 0.06015625
7 0.69609375 0.26796875 0.0484375 0.11328125