16 0.53984375 0.6046875 0.61640625 0.790625
7 0.5296875 0.24375 0.1578125 0.2484375
7 0.78125 0.4640625 0.0953125 0.171875
7 0.5171875 0.5390625 0.0796875 0.11953125
10 0.4625 0.44296875 0.1359375 0.0796875
10 0.63203125 0.43359375 0.215625 0.0828125
10 0.690625 0.65078125 0.12421875 0.25703125
10 0.5765625 0.75078125 0.0921875 0.35546875
10 0.47890625 0.8609375 0.2265625 0.27578125
10 0.2875 0.92578125 0.07890625 0.1453125
12 0.2875 0.67734375 0.1390625 0.33671875
12 0.75078125 0.78828125 0.10234375 0.3109375