4 0.53671875 0.4328125 0.37109375 0.58984375
3 0.4203125 0.36953125 0.134375 0.24609375
5 0.37421875 0.50859375 0.08125 0.1375
5 0.46484375 0.6046875 0.09140625 0.14375
5 0.61015625 0.63046875 0.09296875 0.1546875
5 0.66484375 0.5484375 0.03984375 0.14921875
3 0.44296875 0.33828125 0.12421875 0.1984375
3 0.40234375 0.41640625 0.1 0.16015625
1 0.5328125 0.30625 0.12578125 0.20390625
1 0.50234375 0.3109375 0.04375 0.1984375
1 0.5625 0.315625 0.06640625 0.1890625
2 0.64140625 0.34765625 0.084375 0.2203125
0 0.57265625 0.5125 0.13515625 0.1578125