16 0.50546875 0.5109375 0.46875 0.83515625
7 0.6859375 0.2828125 0.0671875 0.14375
7 0.503125 0.12265625 0.12421875 0.2359375
12 0.315625 0.403125 0.125 0.259375
10 0.5828125 0.41015625 0.0578125 0.1796875
10 0.56484375 0.2484375 0.1359375 0.0609375
10 0.43125 0.246875 0.1140625 0.06640625
7 0.4859375 0.30234375 0.0671875 0.0875
10 0.45390625 0.471875 0.0765625 0.07578125
10 0.3125 0.6203125 0.06328125 0.171875
10 0.6265625 0.39921875 0.08125 0.21953125
10 0.5109375 0.41796875 0.03359375 0.090625
10 0.3859375 0.25859375 0.03203125 0.04296875
10 0.39921875 0.77265625 0.08828125 0.0703125
10 0.48828125 0.3859375 0.02734375 0.05703125
10 0.409375 0.3578125 0.02578125 0.071875
12 0.34921875 0.3296875 0.07265625 0.109375
10 0.5671875 0.46484375 0.02421875 0.06015625
10 0.4578125 0.58828125 0.17265625 0.321875
12 0.66953125 0.5125 0.08515625 0.2375