10 0.440625 0.61484375 0.171875 0.31484375
10 0.43046875 0.82109375 0.184375 0.15078125
10 0.50859375 0.50625 0.0734375 0.25625
10 0.5734375 0.4265625 0.07109375 0.1734375
10 0.49453125 0.27890625 0.23671875 0.0515625
10 0.3078125 0.63203125 0.07421875 0.15078125
12 0.2984375 0.415625 0.1046875 0.2375
12 0.6296875 0.521875 0.0734375 0.23203125
7 0.65703125 0.31015625 0.06171875 0.13125
7 0.46796875 0.32578125 0.046875 0.05546875
7 0.4859375 0.1578125 0.10546875 0.1734375
16 0.490625 0.4953125 0.41953125 0.77578125