16 0.48203125 0.60703125 0.41171875 0.684375
12 0.3046875 0.52265625 0.0828125 0.196875
12 0.61015625 0.60625 0.0734375 0.17890625
10 0.43359375 0.68203125 0.15234375 0.27421875
10 0.4328125 0.88359375 0.196875 0.1703125
10 0.3046875 0.71015625 0.0515625 0.12109375
10 0.49296875 0.57265625 0.05546875 0.196875
10 0.56640625 0.51015625 0.07265625 0.1640625
10 0.41328125 0.3828125 0.0703125 0.0515625
10 0.5234375 0.38125 0.128125 0.05625
7 0.6328125 0.39921875 0.05703125 0.11328125
7 0.446875 0.43359375 0.053125 0.06796875
7 0.471875 0.27578125 0.08671875 0.15