16 0.34921875 0.46171875 0.48671875 0.92265625
12 0.4703125 0.36484375 0.14453125 0.30703125
12 0.1328125 0.3828125 0.08515625 0.2296875
10 0.23125 0.53671875 0.14921875 0.3703125
10 0.32265625 0.3625 0.0703125 0.2703125
10 0.4203125 0.24921875 0.12421875 0.28359375
10 0.40390625 0.10234375 0.17578125 0.1
10 0.27578125 0.140625 0.090625 0.07578125
10 0.20546875 0.78359375 0.16484375 0.121875
10 0.1234375 0.59453125 0.06171875 0.1875
7 0.346875 0.05546875 0.11328125 0.1109375
7 0.2984375 0.196875 0.08828125 0.1
7 0.54921875 0.08046875 0.0546875 0.1609375