4 0.51875 0.51953125 0.37109375 0.58984375
3 0.40390625 0.5140625 0.15859375 0.2296875
3 0.41171875 0.4546875 0.1375 0.14140625
3 0.396875 0.5671875 0.1375 0.1234375
1 0.5046875 0.384375 0.13203125 0.20625
1 0.47421875 0.4015625 0.078125 0.16328125
1 0.52734375 0.37578125 0.08828125 0.17109375
2 0.61796875 0.3640625 0.08984375 0.21328125
2 0.59296875 0.375 0.04140625 0.18046875
2 0.625 0.3578125 0.07265625 0.22578125
0 0.58203125 0.56171875 0.10546875 0.1859375
5 0.4703125 0.71328125 0.215625 0.16875
5 0.628125 0.65703125 0.06484375 0.16328125
5 0.67109375 0.546875 0.05625 0.1234375