12 0.25390625 0.2984375 0.1203125 0.33984375
12 0.740625 0.4421875 0.0984375 0.30234375
10 0.45625 0.5578125 0.24921875 0.45703125
10 0.55390625 0.3890625 0.09921875 0.353125
10 0.67109375 0.28203125 0.13515625 0.26015625
10 0.54140625 0.084375 0.3515625 0.10078125
10 0.4609375 0.86484375 0.27890625 0.23515625
10 0.26640625 0.59453125 0.08125 0.2234375
7 0.4890625 0.15859375 0.0859375 0.1
7 0.7734375 0.10234375 0.07890625 0.16015625
7 0.5359375 0.0234375 0.15078125 0.046875
16 0.53359375 0.4796875 0.65 0.959375