4 0.46953125 0.4015625 0.53828125 0.803125
3 0.5921875 0.384375 0.16171875 0.43359375
3 0.565625 0.4125 0.10625 0.4171875
3 0.64609375 0.36484375 0.11171875 0.44296875
5 0.284375 0.54765625 0.08515625 0.32734375
5 0.3890625 0.63671875 0.13828125 0.259375
1 0.41640625 0.3296875 0.18203125 0.31796875
1 0.37734375 0.334375 0.10390625 0.30546875
1 0.46796875 0.36796875 0.090625 0.334375
2 0.28515625 0.22265625 0.16953125 0.35625
2 0.30234375 0.22421875 0.14921875 0.30546875
0 0.44453125 0.0578125 0.215625 0.10859375