4 0.37578125 0.5 0.7515625 1
3 0.12578125 0.4546875 0.1765625 0.66796875
3 0.13046875 0.384375 0.153125 0.44140625
3 0.09296875 0.58671875 0.1859375 0.4421875
1 0.36015625 0.353125 0.26875 0.44296875
1 0.28359375 0.33046875 0.12421875 0.44609375
1 0.43046875 0.36015625 0.13984375 0.465625
2 0.603125 0.46171875 0.18203125 0.50078125
2 0.559375 0.44921875 0.10859375 0.378125
2 0.6578125 0.46484375 0.0859375 0.44609375
0 0.40390625 0.83671875 0.3234375 0.303125
5 0.36328125 0.053125 0.2921875 0.10546875
5 0.12421875 0.9 0.125 0.1578125
5 0.64375 0.89765625 0.165625 0.20234375