16 0.525 0.5796875 0.40234375 0.66328125
12 0.35859375 0.49296875 0.08125 0.1875
12 0.65390625 0.55546875 0.071875 0.19140625
7 0.671875 0.371875 0.06640625 0.1296875
7 0.509375 0.2484375 0.115625 0.16796875
10 0.4625 0.35625 0.08671875 0.0671875
10 0.56796875 0.3578125 0.12421875 0.071875
10 0.540625 0.53984375 0.0546875 0.2203125
10 0.6078125 0.48203125 0.0828125 0.165625
10 0.48046875 0.64765625 0.1484375 0.253125
10 0.4828125 0.834375 0.165625 0.1296875
10 0.359375 0.665625 0.0546875 0.12890625