4 0.509375 0.5328125 0.48125 0.76015625
3 0.37421875 0.396875 0.17734375 0.31875
3 0.34375 0.4328125 0.096875 0.21328125
3 0.40703125 0.36328125 0.1203125 0.20234375
1 0.525 0.37265625 0.121875 0.27734375
1 0.48515625 0.34296875 0.05546875 0.2234375
1 0.55390625 0.37734375 0.059375 0.2375
2 0.65 0.4625 0.10625 0.25390625
2 0.63125 0.44375 0.06953125 0.20390625
2 0.6765625 0.45859375 0.046875 0.25
0 0.54140625 0.63515625 0.18984375 0.18515625
5 0.303125 0.53359375 0.06171875 0.13671875
5 0.3765625 0.71171875 0.15625 0.25859375
5 0.5453125 0.81015625 0.15625 0.17734375
5 0.6609375 0.72578125 0.07109375 0.171875