16 0.5125 0.5375 0.42734375 0.70546875
7 0.50703125 0.1984375 0.12265625 0.17578125
7 0.6734375 0.29609375 0.04140625 0.1171875
7 0.4859375 0.35078125 0.04921875 0.05546875
10 0.44921875 0.31015625 0.078125 0.03671875
10 0.56953125 0.3078125 0.13671875 0.0484375
10 0.59375 0.42578125 0.08828125 0.16015625
10 0.515625 0.496875 0.053125 0.1984375
10 0.45 0.60390625 0.18984375 0.2859375
10 0.328125 0.65 0.07109375 0.1625
10 0.434375 0.784375 0.15390625 0.09296875
12 0.3359375 0.45703125 0.0953125 0.2046875
12 0.63671875 0.50234375 0.11015625 0.24296875