4 0.48203125 0.55859375 0.35859375 0.57734375
3 0.37421875 0.47890625 0.11484375 0.27109375
3 0.35625 0.51015625 0.0859375 0.19921875
3 0.3890625 0.44296875 0.0796875 0.17734375
1 0.49296875 0.4484375 0.11015625 0.221875
1 0.4625 0.44453125 0.0421875 0.20234375
1 0.51328125 0.453125 0.06328125 0.2296875
2 0.58828125 0.50703125 0.0859375 0.2265625
2 0.57265625 0.49609375 0.05234375 0.175
2 0.61015625 0.509375 0.03359375 0.221875
0 0.50625 0.6484375 0.13359375 0.1453125
5 0.39921875 0.72734375 0.08671875 0.19296875
5 0.52421875 0.7765625 0.0953125 0.140625
5 0.596875 0.71796875 0.04921875 0.13359375
5 0.45390625 0.30625 0.04140625 0.0640625
5 0.525 0.31953125 0.05234375 0.059375