4 0.54296875 0.43203125 0.37421875 0.584375
5 0.6015625 0.63515625 0.08203125 0.14921875
5 0.48515625 0.61796875 0.12578125 0.16875
5 0.37734375 0.5109375 0.05546875 0.08828125
5 0.66875 0.57109375 0.05 0.1265625
5 0.565625 0.17890625 0.0875 0.08671875
3 0.415625 0.36953125 0.11640625 0.23125
3 0.43515625 0.31796875 0.11640625 0.18359375
3 0.403125 0.4171875 0.10390625 0.165625
1 0.53671875 0.31640625 0.11328125 0.209375
1 0.5015625 0.30390625 0.059375 0.19296875
1 0.55859375 0.29765625 0.06171875 0.18046875
2 0.63828125 0.34375 0.09296875 0.2203125
2 0.62578125 0.33671875 0.04609375 0.1765625
2 0.66171875 0.340625 0.040625 0.1859375
0 0.571875 0.50703125 0.13359375 0.1546875