7 0.6703125 0.39140625 0.0453125 0.096875
7 0.48984375 0.421875 0.0484375 0.06171875
7 0.50234375 0.2703125 0.0984375 0.18125
10 0.51328125 0.37734375 0.22421875 0.040625
10 0.471875 0.6703125 0.17265625 0.27734375
10 0.53125 0.5625 0.06953125 0.221875
10 0.60234375 0.49140625 0.1 0.175
12 0.6453125 0.59140625 0.0671875 0.16640625
12 0.346875 0.5140625 0.08828125 0.221875
10 0.47421875 0.86640625 0.18828125 0.1546875
10 0.34765625 0.696875 0.0609375 0.146875
16 0.51328125 0.58515625 0.4125 0.69453125