16 0.4890625 0.4828125 0.378125 0.6515625
10 0.45078125 0.57109375 0.13515625 0.25234375
10 0.503125 0.4609375 0.05234375 0.2125
10 0.57734375 0.403125 0.084375 0.1578125
10 0.4984375 0.28359375 0.2296875 0.06015625
10 0.43828125 0.75078125 0.1578125 0.1390625
10 0.3296875 0.578125 0.0578125 0.1296875
7 0.4765625 0.33125 0.0421875 0.06328125
7 0.4890625 0.1765625 0.07890625 0.1640625
7 0.64296875 0.30390625 0.05390625 0.125
12 0.33203125 0.4015625 0.05234375 0.19140625
12 0.61484375 0.4984375 0.0765625 0.1875