4 0.51875 0.45859375 0.37734375 0.66953125
2 0.3921875 0.38515625 0.096875 0.27421875
2 0.4 0.390625 0.09296875 0.2265625
0 0.50078125 0.24453125 0.14765625 0.09375
1 0.48515625 0.43671875 0.1296875 0.2484375
1 0.4640625 0.43125 0.07578125 0.20078125
1 0.525 0.44609375 0.053125 0.21171875
3 0.621875 0.46328125 0.1234375 0.34765625
3 0.596875 0.4796875 0.07265625 0.321875
3 0.64609375 0.440625 0.07109375 0.28671875
5 0.42734375 0.62578125 0.090625 0.1734375
5 0.5 0.6875 0.0625 0.16875
5 0.61796875 0.25 0.0859375 0.11640625
5 0.5140625 0.16953125 0.0765625 0.071875
5 0.41640625 0.21328125 0.04921875 0.0734375