16 0.50390625 0.55703125 0.42109375 0.7171875
12 0.325 0.4828125 0.090625 0.22734375
12 0.62734375 0.54453125 0.09453125 0.2125
10 0.42421875 0.8140625 0.13125 0.07578125
10 0.44453125 0.63515625 0.13671875 0.27734375
10 0.325 0.66015625 0.05625 0.140625
10 0.50625 0.51484375 0.05 0.19453125
10 0.58125 0.4484375 0.09765625 0.16640625
10 0.43671875 0.3359375 0.0734375 0.0390625
10 0.55703125 0.3296875 0.12734375 0.05234375
7 0.4765625 0.37890625 0.05390625 0.059375
7 0.49453125 0.23125 0.0984375 0.1625
7 0.65625 0.3265625 0.0515625 0.1140625