17 0.45546875 0.421875 0.36796875 0.67890625
14 0.515625 0.1640625 0.08125 0.13203125
14 0.465625 0.36328125 0.09453125 0.2453125
15 0.38984375 0.3640625 0.05 0.18828125
15 0.3625 0.56953125 0.1265625 0.25390625
15 0.44609375 0.61796875 0.046875 0.234375
15 0.5046875 0.625 0.06796875 0.2203125
15 0.55703125 0.48984375 0.1578125 0.04296875
15 0.5703125 0.61953125 0.06953125 0.228125
15 0.565625 0.3765625 0.05234375 0.2484375
5 0.61484375 0.33828125 0.05625 0.20546875
5 0.315625 0.37421875 0.08125 0.21875
5 0.4015625 0.221875 0.10078125 0.11953125