4 0.4890625 0.596875 0.41953125 0.6484375
3 0.61953125 0.5734375 0.1140625 0.3296875
5 0.46875 0.83515625 0.20625 0.1703125
5 0.35078125 0.4015625 0.05234375 0.096875
5 0.434375 0.296875 0.06484375 0.0828125
5 0.57265625 0.3359375 0.06796875 0.07890625
1 0.4828125 0.59609375 0.134375 0.290625
1 0.5234375 0.59765625 0.0578125 0.24296875
1 0.44765625 0.60859375 0.0734375 0.275
2 0.36328125 0.61171875 0.10390625 0.2921875
2 0.37421875 0.58984375 0.0625 0.24453125
2 0.33515625 0.61796875 0.05390625 0.2875
0 0.4484375 0.3828125 0.14921875 0.13671875