4 0.34296875 0.5 0.56953125 1
3 0.47265625 0.55703125 0.178125 0.459375
5 0.153125 0.709375 0.09140625 0.31953125
5 0.26015625 0.82890625 0.14375 0.23515625
3 0.3484375 0.79140625 0.07421875 0.09765625
1 0.28515625 0.51875 0.18984375 0.40078125
1 0.24765625 0.5 0.10234375 0.33828125
1 0.3375 0.55234375 0.08515625 0.3140625
2 0.15078125 0.37109375 0.159375 0.35625
0 0.31015625 0.20859375 0.21875 0.134375
5 0.28828125 0.0734375 0.23515625 0.103125
5 0.48359375 0.2046875 0.10234375 0.20390625
5 0.57890625 0.4546875 0.07109375 0.1859375