4 0.48828125 0.48828125 0.8296875 0.9765625
5 0.14453125 0.3375 0.12421875 0.27109375
5 0.2625 0.5921875 0.2296875 0.42421875
5 0.59609375 0.75625 0.178125 0.36953125
5 0.76796875 0.67265625 0.1359375 0.28828125
5 0.84765625 0.42734375 0.1140625 0.14375
2 0.73203125 0.2015625 0.19453125 0.403125
2 0.71015625 0.1578125 0.15078125 0.303125
2 0.78359375 0.24765625 0.09140625 0.3140625
0 0.5515625 0.4375 0.3484375 0.35078125
3 0.27421875 0.16796875 0.2921875 0.3359375
3 0.22578125 0.1859375 0.19765625 0.3140625
3 0.23984375 0.1375 0.1359375 0.275
3 0.30078125 0.0875 0.1625 0.175
3 0.4046875 0.20546875 0.0734375 0.12265625
3 0.2859375 0.31796875 0.0703125 0.078125
1 0.5328125 0.13359375 0.2453125 0.26015625
1 0.453125 0.10390625 0.1109375 0.2078125
1 0.5765625 0.12890625 0.146875 0.2578125