4 0.56015625 0.57265625 0.334375 0.59375
3 0.64609375 0.6140625 0.1125 0.29375
3 0.63046875 0.6140625 0.06015625 0.25703125
3 0.67578125 0.603125 0.078125 0.29765625
5 0.45546875 0.66796875 0.06875 0.16328125
5 0.52265625 0.78515625 0.08046875 0.165625
5 0.5296875 0.290625 0.13828125 0.06953125
0 0.55625 0.38671875 0.12265625 0.0828125
2 0.4515625 0.46953125 0.10078125 0.2375
2 0.46953125 0.4640625 0.084375 0.18203125
2 0.415625 0.4578125 0.07734375 0.17265625
1 0.52890625 0.55625 0.1125 0.24453125
1 0.5625 0.57109375 0.05390625 0.2296875
1 0.5140625 0.5453125 0.05703125 0.196875