7 0.5421875 0.14296875 0.1015625 0.215625
7 0.7015625 0.2859375 0.05078125 0.1140625
7 0.5203125 0.3109375 0.0453125 0.0734375
12 0.359375 0.39921875 0.07421875 0.21015625
12 0.675 0.5078125 0.08046875 0.2078125
10 0.4859375 0.775 0.16171875 0.16796875
10 0.48515625 0.57109375 0.14921875 0.278125
10 0.56015625 0.45859375 0.06484375 0.21640625
10 0.63046875 0.39765625 0.1015625 0.165625
10 0.53671875 0.25 0.22109375 0.08515625
10 0.359375 0.5921875 0.05859375 0.1421875
16 0.54609375 0.46796875 0.42890625 0.71328125