10 0.50234375 0.5515625 0.1484375 0.2734375
10 0.3828125 0.57109375 0.0484375 0.1703125
10 0.49921875 0.7625 0.14921875 0.14609375
10 0.571875 0.446875 0.0703125 0.21171875
10 0.64609375 0.3828125 0.09453125 0.15859375
10 0.56640625 0.25390625 0.22421875 0.08046875
7 0.55 0.14609375 0.084375 0.18515625
7 0.53515625 0.30546875 0.06484375 0.0828125
7 0.7171875 0.2734375 0.04765625 0.1140625
12 0.37578125 0.4 0.0890625 0.17734375
12 0.690625 0.4875 0.071875 0.18671875
16 0.559375 0.45859375 0.3953125 0.68046875