16 0.49140625 0.55234375 0.5953125 0.8953125
12 0.24765625 0.515625 0.13984375 0.35703125
12 0.69375 0.63125 0.096875 0.321875
7 0.72421875 0.321875 0.08515625 0.15625
7 0.4828125 0.11875 0.1515625 0.2375
7 0.48046875 0.38046875 0.0703125 0.090625
10 0.4109375 0.29765625 0.13828125 0.090625
10 0.57109375 0.30078125 0.19765625 0.090625
10 0.6390625 0.4890625 0.11015625 0.24375
10 0.5359375 0.58125 0.0828125 0.35390625
10 0.4546875 0.7625 0.2328125 0.4046875
10 0.26875 0.79921875 0.08828125 0.20390625