16 0.58515625 0.5 0.6609375 1
12 0.34375 0.33046875 0.16484375 0.41171875
12 0.81640625 0.5890625 0.1171875 0.3046875
7 0.834375 0.221875 0.0765625 0.140625
7 0.59453125 0.05546875 0.15625 0.1109375
7 0.60703125 0.20625 0.05625 0.096875
10 0.53359375 0.1109375 0.13359375 0.11171875
10 0.69453125 0.17734375 0.17109375 0.11640625
10 0.58671875 0.64140625 0.2359375 0.53125
10 0.6890625 0.47578125 0.06328125 0.36328125
10 0.78046875 0.41015625 0.11640625 0.25703125
10 0.35859375 0.6953125 0.09453125 0.29140625
10 0.578125 0.95703125 0.221875 0.08515625