4 0.4953125 0.50625 0.4359375 0.75234375
0 0.4078125 0.51875 0.1234375 0.26171875
1 0.55546875 0.3859375 0.1703125 0.29140625
1 0.5375 0.33359375 0.140625 0.15
1 0.56015625 0.43359375 0.16171875 0.175
2 0.578125 0.64140625 0.2015625 0.20078125
2 0.5734375 0.59296875 0.196875 0.10078125
2 0.58828125 0.69140625 0.215625 0.10859375
3 0.47734375 0.21484375 0.18046875 0.2328125
3 0.50703125 0.23203125 0.11875 0.1640625
3 0.44609375 0.2015625 0.11171875 0.17890625
5 0.35 0.33984375 0.1234375 0.35234375
5 0.34453125 0.653125 0.10859375 0.253125
5 0.45390625 0.79375 0.1109375 0.15625
5 0.665625 0.3703125 0.09140625 0.34140625
5 0.5875 0.81015625 0.121875 0.11953125