4 0.43984375 0.4546875 0.8796875 0.90859375
5 0.0546875 0.2140625 0.10859375 0.34375
5 0.1796875 0.49921875 0.24921875 0.54921875
5 0.490625 0.6953125 0.346875 0.37421875
5 0.76171875 0.5390625 0.17734375 0.41328125
2 0.7140625 0.159375 0.1953125 0.31875
0 0.5140625 0.32109375 0.38828125 0.3296875
3 0.21328125 0.11171875 0.29765625 0.2234375
3 0.14765625 0.06171875 0.1296875 0.1234375
3 0.2078125 0.15390625 0.1203125 0.12421875
3 0.31640625 0.06171875 0.1453125 0.1234375
1 0.5015625 0.06875 0.21796875 0.1375