16 0.615625 0.5296875 0.56796875 0.940625
10 0.59921875 0.70625 0.20546875 0.428125
10 0.54921875 0.24453125 0.09296875 0.0671875
10 0.70859375 0.27734375 0.15078125 0.07578125
10 0.76953125 0.47421875 0.1015625 0.228125
10 0.675 0.54453125 0.090625 0.33515625
10 0.3921875 0.7140625 0.07734375 0.215625
10 0.5796875 0.94765625 0.20546875 0.1046875
12 0.39375 0.43203125 0.14296875 0.30234375
12 0.8328125 0.6375 0.0953125 0.2875
7 0.84140625 0.33125 0.05234375 0.1546875
7 0.6140625 0.31875 0.0515625 0.08515625
7 0.6125 0.12578125 0.13984375 0.2515625