4 0.496875 0.534375 0.375 0.6125
3 0.3875 0.44609375 0.15390625 0.26640625
3 0.39921875 0.41015625 0.10703125 0.20078125
3 0.3671875 0.47734375 0.09921875 0.19453125
1 0.509375 0.40859375 0.1140625 0.234375
1 0.47265625 0.39765625 0.0421875 0.20390625
1 0.52734375 0.41015625 0.06484375 0.2359375
2 0.60625 0.46328125 0.08671875 0.25
2 0.59296875 0.45390625 0.05390625 0.20703125
2 0.628125 0.46875 0.040625 0.2296875
0 0.51875 0.61640625 0.1421875 0.1453125
5 0.46328125 0.26640625 0.05 0.05546875
5 0.5359375 0.271875 0.05625 0.078125
5 0.54375 0.75 0.09375 0.1390625
5 0.61171875 0.6921875 0.0453125 0.12890625
5 0.403125 0.684375 0.09140625 0.153125
5 0.33828125 0.56640625 0.0484375 0.12421875