4 0.56640625 0.55625 0.353125 0.678125
3 0.659375 0.590625 0.13359375 0.33671875
3 0.62578125 0.58984375 0.06015625 0.27578125
3 0.69296875 0.58515625 0.04921875 0.28828125
5 0.49453125 0.73828125 0.12421875 0.175
5 0.43984375 0.64375 0.06640625 0.165625
1 0.53984375 0.52265625 0.11328125 0.23359375
1 0.51875 0.5046875 0.08125 0.19296875
1 0.57578125 0.5484375 0.05390625 0.178125
2 0.44765625 0.453125 0.11796875 0.24453125
2 0.46484375 0.44921875 0.08203125 0.16328125
2 0.42109375 0.4125 0.05546875 0.178125
0 0.56328125 0.34765625 0.15 0.09921875