4 0.37109375 0.421875 0.7421875 0.84375
5 0.6109375 0.49140625 0.1203125 0.27734375
5 0.4640625 0.653125 0.21640625 0.27734375
5 0.20703125 0.675 0.27421875 0.2078125
0 0.3359375 0.4203125 0.3125 0.36015625
3 0.09609375 0.21640625 0.1921875 0.4328125
3 0.11328125 0.11875 0.1015625 0.2375
3 0.06484375 0.22109375 0.1296875 0.4171875
1 0.296875 0.121875 0.228125 0.24375
1 0.22578125 0.11875 0.0859375 0.2375
1 0.33828125 0.11015625 0.10859375 0.2203125
2 0.5140625 0.13359375 0.21015625 0.2671875
2 0.46484375 0.13359375 0.1609375 0.2671875
2 0.56953125 0.12265625 0.0703125 0.2453125