16 0.62265625 0.5 0.609375 1
7 0.615625 0.10078125 0.15625 0.2015625
7 0.625 0.284375 0.06640625 0.1140625
7 0.846875 0.284375 0.05625 0.10625
10 0.7265625 0.24375 0.18046875 0.05390625
10 0.540625 0.1859375 0.15234375 0.0671875
10 0.70234375 0.53671875 0.09140625 0.3859375
10 0.80234375 0.45390625 0.1078125 0.23203125
10 0.615625 0.69296875 0.2125 0.47890625
10 0.4015625 0.70546875 0.07734375 0.2140625
10 0.59453125 0.96796875 0.20390625 0.0640625
12 0.39296875 0.39296875 0.1515625 0.35546875
12 0.84609375 0.64140625 0.103125 0.2953125