4 0.528125 0.496875 0.46640625 0.73046875
3 0.3984375 0.378125 0.1578125 0.321875
3 0.42265625 0.321875 0.0890625 0.2234375
3 0.3734375 0.41796875 0.1046875 0.2234375
1 0.5515625 0.34609375 0.14921875 0.26328125
1 0.50625 0.34453125 0.0734375 0.27265625
1 0.575 0.35390625 0.07109375 0.28515625
2 0.66875 0.4453125 0.12265625 0.26796875
2 0.6515625 0.446875 0.05703125 0.20390625
2 0.690625 0.46875 0.04609375 0.19609375
0 0.55390625 0.60390625 0.184375 0.17734375
5 0.32578125 0.50546875 0.06875 0.17734375
5 0.38671875 0.68125 0.14140625 0.228125
5 0.5859375 0.78359375 0.24453125 0.1546875