16 0.41328125 0.53203125 0.44453125 0.80625
12 0.2265625 0.4578125 0.08828125 0.22734375
12 0.528125 0.5 0.0984375 0.26484375
7 0.4125 0.16953125 0.10625 0.21015625
7 0.57890625 0.24921875 0.0578125 0.1234375
7 0.378125 0.3296875 0.05703125 0.07578125
10 0.35234375 0.28515625 0.06640625 0.04765625
10 0.47578125 0.2546875 0.1453125 0.05546875
10 0.48359375 0.38359375 0.0984375 0.215625
10 0.3984375 0.4765625 0.0578125 0.246875
10 0.32265625 0.621875 0.16953125 0.33203125
10 0.29296875 0.80859375 0.15 0.11796875
10 0.2171875 0.6546875 0.04375 0.1375