4 0.53046875 0.46640625 0.525 0.80390625
3 0.3953125 0.34140625 0.1859375 0.34296875
3 0.41875 0.28125 0.1265625 0.23125
3 0.3625 0.39375 0.12421875 0.25390625
1 0.54921875 0.29140625 0.1765625 0.28515625
1 0.49921875 0.28203125 0.0734375 0.26328125
1 0.58671875 0.3125 0.0703125 0.296875
2 0.68515625 0.39296875 0.1203125 0.27734375
2 0.66796875 0.39296875 0.06484375 0.21328125
2 0.7171875 0.41484375 0.05703125 0.21484375
0 0.5703125 0.57265625 0.1875 0.20546875
5 0.30390625 0.48125 0.06171875 0.16875
5 0.40078125 0.68359375 0.13125 0.26328125
5 0.60703125 0.7671875 0.25703125 0.18359375