4 0.5328125 0.43671875 0.35703125 0.5609375
3 0.4234375 0.384375 0.13671875 0.23515625
3 0.44140625 0.3421875 0.10546875 0.146875
3 0.41171875 0.428125 0.11171875 0.13984375
1 0.53515625 0.31953125 0.1 0.1984375
1 0.496875 0.3125 0.04375 0.1875
1 0.55546875 0.29765625 0.059375 0.19453125
2 0.63671875 0.35 0.08046875 0.2078125
2 0.6234375 0.34921875 0.053125 0.18046875
2 0.66328125 0.36953125 0.04765625 0.209375
0 0.57109375 0.50859375 0.11953125 0.13046875
5 0.47109375 0.60625 0.10546875 0.18359375
5 0.60546875 0.6390625 0.11484375 0.115625
5 0.66640625 0.5484375 0.034375 0.1265625