4 0.51484375 0.58046875 0.4109375 0.628125
3 0.63984375 0.55 0.159375 0.3125
3 0.62578125 0.55859375 0.13203125 0.26796875
3 0.66875 0.52578125 0.11171875 0.2265625
1 0.55703125 0.5875 0.0703125 0.240625
1 0.48828125 0.6 0.0890625 0.24375
2 0.3984375 0.628125 0.09375 0.3125
2 0.41328125 0.61328125 0.04609375 0.2953125
2 0.38203125 0.63125 0.0328125 0.28828125
0 0.46171875 0.39765625 0.134375 0.1515625
5 0.4390625 0.33046875 0.06953125 0.11171875
5 0.37109375 0.41171875 0.0734375 0.0921875
5 0.52578125 0.81875 0.19296875 0.1703125