16 0.53203125 0.45234375 0.5640625 0.9046875
10 0.47578125 0.5359375 0.2 0.3765625
10 0.30703125 0.56484375 0.0765625 0.19140625
10 0.45859375 0.77265625 0.18984375 0.1515625
10 0.55625 0.38046875 0.1234375 0.3171875
10 0.6703125 0.2953125 0.1203125 0.25390625
10 0.45 0.09921875 0.11875 0.0796875
10 0.61875 0.11484375 0.178125 0.0890625
7 0.5203125 0.05078125 0.13046875 0.10078125
7 0.75 0.13671875 0.07265625 0.15625
7 0.5109375 0.1734375 0.06484375 0.0796875
12 0.29609375 0.29765625 0.1296875 0.2953125
12 0.71953125 0.4359375 0.11171875 0.28984375