16 0.540625 0.54921875 0.6 0.9015625
12 0.303125 0.5265625 0.13828125 0.34453125
12 0.73671875 0.66328125 0.1078125 0.28203125
7 0.76875 0.34765625 0.07890625 0.159375
7 0.525 0.12734375 0.15546875 0.2484375
7 0.51796875 0.3875 0.053125 0.0671875
10 0.44453125 0.31171875 0.13046875 0.078125
10 0.6265625 0.30703125 0.1984375 0.075
10 0.6765625 0.5140625 0.128125 0.25859375
10 0.57578125 0.609375 0.08125 0.325
10 0.47734375 0.78828125 0.21953125 0.36953125
10 0.30234375 0.80546875 0.0796875 0.20859375