16 0.3921875 0.63671875 0.625 0.72578125
7 0.40703125 0.2984375 0.14375 0.2484375
7 0.62578125 0.49375 0.07734375 0.13359375
7 0.39609375 0.54140625 0.06953125 0.084375
10 0.32109375 0.46484375 0.153125 0.090625
10 0.49453125 0.46640625 0.203125 0.075
10 0.5578125 0.66171875 0.11484375 0.2390625
10 0.4546875 0.759375 0.0890625 0.33828125
10 0.36484375 0.87734375 0.25 0.24453125
10 0.15390625 0.94921875 0.09375 0.10078125
12 0.15 0.709375 0.1484375 0.3796875
12 0.61484375 0.81640625 0.09609375 0.315625