4 0.5421875 0.60390625 0.346875 0.61953125
3 0.4984375 0.75 0.18203125 0.2390625
3 0.5015625 0.72734375 0.153125 0.2
3 0.52578125 0.7859375 0.140625 0.20390625
5 0.40546875 0.53125 0.05390625 0.19453125
5 0.4421875 0.42578125 0.04921875 0.071875
5 0.67578125 0.47578125 0.07578125 0.20234375
5 0.64921875 0.715625 0.05703125 0.1890625
1 0.49609375 0.53515625 0.14140625 0.1984375
1 0.4984375 0.48828125 0.11953125 0.08984375
1 0.49921875 0.584375 0.159375 0.08828125
0 0.6203125 0.52109375 0.065625 0.21875
2 0.51875 0.39453125 0.1375 0.09375