4 0.48984375 0.4859375 0.34375 0.63125
3 0.5171875 0.63984375 0.1375 0.34765625
3 0.4984375 0.61953125 0.08828125 0.3203125
3 0.56171875 0.6359375 0.07890625 0.296875
1 0.43515625 0.45625 0.14609375 0.2453125
1 0.4078125 0.4125 0.13359375 0.1703125
1 0.45390625 0.49375 0.1125 0.1578125
2 0.403125 0.28125 0.14296875 0.1734375
2 0.40546875 0.2984375 0.13046875 0.10078125
2 0.39765625 0.25703125 0.109375 0.11328125
0 0.54140625 0.3046875 0.1296875 0.18046875
5 0.3375 0.5921875 0.0796875 0.38125
5 0.58359375 0.25546875 0.09921875 0.12265625
5 0.63046875 0.54765625 0.06953125 0.41171875