4 0.48203125 0.56484375 0.35234375 0.57109375
3 0.37578125 0.48046875 0.1109375 0.2375
3 0.38828125 0.45234375 0.0921875 0.19765625
3 0.3484375 0.51875 0.0890625 0.18203125
1 0.4875 0.45625 0.1046875 0.21171875
1 0.4578125 0.4421875 0.04921875 0.18828125
1 0.51015625 0.46015625 0.05546875 0.221875
2 0.58359375 0.51953125 0.08046875 0.2171875
2 0.5671875 0.50390625 0.046875 0.15625
2 0.60859375 0.51953125 0.03828125 0.2203125
0 0.50234375 0.64765625 0.13359375 0.13515625
5 0.5953125 0.71171875 0.05546875 0.12734375
5 0.5265625 0.76171875 0.0796875 0.1375
5 0.39609375 0.7234375 0.0921875 0.1609375