4 0.34765625 0.5 0.6953125 1
3 0.09921875 0.471875 0.19765625 0.61875
3 0.07109375 0.41640625 0.1421875 0.3984375
1 0.2734375 0.3609375 0.20625 0.4609375
1 0.2 0.35625 0.0921875 0.44921875
1 0.31328125 0.34140625 0.15078125 0.5359375
2 0.49453125 0.3890625 0.18671875 0.59453125
2 0.46171875 0.3859375 0.14140625 0.465625
2 0.540625 0.35390625 0.1078125 0.4875
0 0.3234375 0.80078125 0.28671875 0.3125
5 0.53125 0.8234375 0.203125 0.3046875
5 0.13671875 0.903125 0.09765625 0.19296875
5 0.29375 0.0578125 0.3703125 0.11484375
3 0.15390625 0.128125 0.0640625 0.13046875