16 0.5171875 0.471875 0.5703125 0.94375
12 0.27109375 0.29921875 0.13359375 0.3390625
12 0.71640625 0.4421875 0.11171875 0.27734375
10 0.278125 0.58203125 0.0875 0.1953125
10 0.45234375 0.55625 0.23515625 0.43203125
10 0.55546875 0.38984375 0.06875 0.3125
10 0.65859375 0.3140625 0.12734375 0.25703125
10 0.45703125 0.8390625 0.2453125 0.2046875
10 0.4375 0.103125 0.13125 0.08046875
10 0.61328125 0.115625 0.20625 0.084375
7 0.52109375 0.04765625 0.1671875 0.09453125
7 0.49375 0.1828125 0.05703125 0.0890625
7 0.74609375 0.153125 0.0703125 0.171875