12 0.621875 0.5796875 0.078125 0.1828125
16 0.4828125 0.58828125 0.39453125 0.69296875
12 0.3125 0.5015625 0.08046875 0.196875
7 0.4796875 0.265625 0.0953125 0.1875
7 0.6375 0.384375 0.05390625 0.1078125
7 0.4703125 0.41484375 0.0453125 0.06328125
10 0.48359375 0.3671875 0.24296875 0.04609375
10 0.45078125 0.65234375 0.17734375 0.2734375
10 0.496875 0.54609375 0.06015625 0.19140625
10 0.56796875 0.4953125 0.059375 0.16796875
10 0.4453125 0.85546875 0.17109375 0.12734375
10 0.31484375 0.6765625 0.0609375 0.11796875