4 0.51484375 0.465625 0.646875 0.93125
3 0.33046875 0.2734375 0.24140625 0.43359375
3 0.29375 0.33984375 0.14921875 0.34921875
3 0.36484375 0.240625 0.203125 0.36171875
5 0.23125 0.453125 0.10859375 0.20859375
5 0.3484375 0.7015625 0.1703125 0.33984375
5 0.559375 0.80625 0.228125 0.27109375
5 0.7203125 0.7078125 0.10390625 0.2171875
5 0.79453125 0.49375 0.07578125 0.1421875
1 0.534375 0.2390625 0.19453125 0.4078125
1 0.46640625 0.2015625 0.078125 0.3140625
1 0.575 0.22109375 0.09375 0.36015625
2 0.690625 0.35078125 0.13515625 0.33359375
2 0.66875 0.32421875 0.0875 0.24375
2 0.73671875 0.37265625 0.0828125 0.25546875
0 0.5546875 0.56171875 0.25 0.225