12 0.37890625 0.3625 0.090625 0.19140625
12 0.68046875 0.4703125 0.071875 0.19453125
10 0.5546875 0.421875 0.05625 0.221875
10 0.49375 0.51796875 0.134375 0.26640625
10 0.4953125 0.7171875 0.16171875 0.14453125
10 0.37265625 0.53203125 0.0546875 0.1234375
10 0.62734375 0.36484375 0.08828125 0.17578125
10 0.54765625 0.23046875 0.2109375 0.05625
7 0.5265625 0.28046875 0.05 0.075
7 0.5375 0.12109375 0.08984375 0.18125
7 0.70078125 0.26015625 0.06484375 0.12578125
16 0.55 0.446875 0.41796875 0.70546875