4 0.50703125 0.44921875 0.36640625 0.58046875
3 0.6203125 0.48828125 0.13046875 0.34296875
3 0.59140625 0.48671875 0.09375 0.29296875
3 0.6515625 0.46796875 0.07890625 0.3203125
5 0.59609375 0.2640625 0.09609375 0.096875
5 0.4046875 0.6046875 0.07734375 0.18828125
5 0.490625 0.6765625 0.0671875 0.19453125
1 0.48828125 0.44921875 0.12421875 0.21015625
1 0.45625 0.43515625 0.07109375 0.18984375
1 0.5203125 0.45546875 0.065625 0.228125
2 0.38515625 0.384375 0.1140625 0.2359375
2 0.39296875 0.37890625 0.10625 0.2375
2 0.365625 0.3453125 0.06953125 0.1703125
0 0.490625 0.24609375 0.1625 0.096875