4 0.309375 0.50234375 0.565625 0.9953125
5 0.13671875 0.78046875 0.06640625 0.2703125
5 0.228125 0.88984375 0.12890625 0.2203125
5 0.46953125 0.24375 0.14453125 0.19296875
5 0.2453125 0.0921875 0.228125 0.11015625
3 0.4515625 0.59921875 0.215625 0.48515625
3 0.42265625 0.6234375 0.13671875 0.4671875
3 0.49765625 0.5734375 0.11875 0.43046875
1 0.25390625 0.56328125 0.20078125 0.42109375
1 0.2109375 0.5625 0.12578125 0.396875
1 0.29921875 0.5984375 0.10859375 0.35859375
2 0.11953125 0.415625 0.17421875 0.3859375
2 0.13984375 0.42109375 0.12265625 0.25703125
2 0.08203125 0.353125 0.08046875 0.24296875
0 0.278125 0.234375 0.225 0.16015625
3 0.31953125 0.84765625 0.07734375 0.11796875