16 0.5515625 0.5046875 0.5390625 0.88984375
12 0.33046875 0.3796875 0.11484375 0.2296875
12 0.721875 0.48046875 0.1015625 0.246875
10 0.48046875 0.565625 0.196875 0.34609375
10 0.5609375 0.4296875 0.0921875 0.25
10 0.66328125 0.35625 0.10234375 0.221875
10 0.46640625 0.20859375 0.10078125 0.0609375
10 0.61640625 0.21484375 0.17265625 0.0625
10 0.4453125 0.78984375 0.17734375 0.12109375
10 0.3234375 0.59765625 0.0671875 0.159375
7 0.53671875 0.0984375 0.1296875 0.196875
7 0.51484375 0.2625 0.059375 0.084375
7 0.76328125 0.23203125 0.06875 0.1546875