16 0.44609375 0.5546875 0.5859375 0.890625
7 0.440625 0.13984375 0.12578125 0.221875
7 0.659375 0.34609375 0.078125 0.15
7 0.4359375 0.39140625 0.06015625 0.071875
10 0.37265625 0.315625 0.134375 0.0640625
10 0.528125 0.3171875 0.18671875 0.0859375
10 0.5921875 0.50546875 0.12578125 0.2484375
10 0.49375 0.59921875 0.084375 0.31875
10 0.40390625 0.76875 0.24296875 0.3921875
10 0.21796875 0.8140625 0.07890625 0.18828125
12 0.20546875 0.52890625 0.1359375 0.34453125
12 0.646875 0.6515625 0.0953125 0.3265625