16 0.39921875 0.59765625 0.603125 0.80390625
12 0.15703125 0.603125 0.15546875 0.34140625
12 0.6140625 0.70625 0.07734375 0.27890625
10 0.365625 0.83046875 0.234375 0.3390625
10 0.4515625 0.671875 0.09453125 0.3078125
10 0.55546875 0.57421875 0.11640625 0.28515625
10 0.32109375 0.37109375 0.1421875 0.0609375
10 0.49375 0.3671875 0.1671875 0.10546875
10 0.1671875 0.88828125 0.06953125 0.2234375
7 0.39375 0.45 0.05703125 0.10078125
7 0.40859375 0.20078125 0.15 0.2296875
7 0.6328125 0.39765625 0.06953125 0.1484375