16 0.48828125 0.5890625 0.4109375 0.684375
12 0.31796875 0.51171875 0.1 0.2125
12 0.61875 0.575 0.0796875 0.22578125
10 0.56796875 0.4859375 0.08125 0.165625
10 0.43203125 0.6640625 0.14140625 0.2859375
10 0.5 0.5359375 0.0453125 0.21796875
10 0.4125 0.834375 0.14140625 0.0828125
10 0.3203125 0.68828125 0.04765625 0.1390625
10 0.540625 0.3609375 0.11796875 0.0421875
10 0.425 0.36953125 0.08984375 0.0515625
7 0.48125 0.259375 0.09296875 0.1640625
7 0.45625 0.41171875 0.04453125 0.059375
7 0.64140625 0.3765625 0.0546875 0.10859375