4 0.465625 0.4734375 0.93125 0.946875
5 0.64140625 0.6796875 0.3734375 0.48828125
5 0.234375 0.5328125 0.315625 0.5390625
0 0.528125 0.3421875 0.4015625 0.33828125
3 0.24140625 0.128125 0.3265625 0.25546875
3 0.16640625 0.08046875 0.16953125 0.1609375
3 0.19375 0.12578125 0.19609375 0.2515625
3 0.284375 0.03203125 0.08515625 0.0640625
3 0.334375 0.08125 0.1546875 0.16171875
1 0.51328125 0.075 0.28828125 0.15
1 0.44296875 0.053125 0.10234375 0.10546875
1 0.56484375 0.08046875 0.14765625 0.1609375
2 0.72734375 0.1625 0.23203125 0.325
2 0.69921875 0.10234375 0.1796875 0.2046875
2 0.7921875 0.15859375 0.11484375 0.3171875
5 0.88515625 0.3421875 0.0984375 0.1390625
5 0.05234375 0.2265625 0.10390625 0.315625