4 0.5484375 0.4765625 0.81171875 0.953125
5 0.2140625 0.265625 0.1484375 0.3296875
5 0.37734375 0.5921875 0.22578125 0.475
5 0.746875 0.74453125 0.31328125 0.4015625
0 0.68984375 0.43125 0.30859375 0.321875
3 0.3828125 0.165625 0.365625 0.33125
3 0.33203125 0.16015625 0.259375 0.3203125
3 0.48203125 0.12890625 0.16796875 0.25703125
3 0.47265625 0.07890625 0.1046875 0.15703125
1 0.6484375 0.13671875 0.2296875 0.2734375
1 0.58359375 0.09453125 0.1109375 0.1890625
1 0.6953125 0.12890625 0.121875 0.2578125
2 0.83359375 0.21171875 0.15078125 0.4234375
2 0.80234375 0.159375 0.11484375 0.3140625