4 0.47734375 0.5203125 0.40859375 0.73984375
3 0.46015625 0.2234375 0.175 0.17734375
3 0.48984375 0.22890625 0.12421875 0.1703125
3 0.43359375 0.209375 0.12421875 0.1578125
0 0.39765625 0.528125 0.12421875 0.25703125
1 0.5375 0.39453125 0.14921875 0.25859375
1 0.55390625 0.43671875 0.165625 0.15625
2 0.5671875 0.64609375 0.21328125 0.19296875
2 0.5625 0.58984375 0.20859375 0.11953125
2 0.575 0.70859375 0.20859375 0.11796875
5 0.33359375 0.29609375 0.10234375 0.2375
5 0.33046875 0.6609375 0.09921875 0.19765625
5 0.41171875 0.7859375 0.1421875 0.175
5 0.5484375 0.8203125 0.12578125 0.13671875
5 0.6390625 0.3125 0.05546875 0.14375
5 0.671875 0.4609375 0.03671875 0.15625