16 0.365625 0.46484375 0.5078125 0.92890625
10 0.25625 0.54609375 0.18984375 0.36015625
10 0.33125 0.37265625 0.0703125 0.2703125
10 0.4234375 0.24453125 0.1140625 0.29921875
10 0.425 0.0984375 0.190625 0.09453125
10 0.28515625 0.140625 0.07578125 0.02109375
10 0.2265625 0.790625 0.1609375 0.10234375
10 0.134375 0.59375 0.05 0.17578125
12 0.1453125 0.36953125 0.08671875 0.25625
12 0.478125 0.36171875 0.10703125 0.30859375
7 0.55234375 0.07109375 0.0625 0.14140625
7 0.353125 0.0484375 0.128125 0.096875
7 0.315625 0.1875 0.075 0.09453125