16 0.50234375 0.53828125 0.421875 0.7296875
7 0.496875 0.19140625 0.1 0.18515625
7 0.66328125 0.29375 0.0578125 0.121875
7 0.47109375 0.35859375 0.04296875 0.0734375
12 0.31796875 0.45859375 0.075 0.21796875
12 0.63125 0.50390625 0.09375 0.2296875
10 0.3203125 0.646875 0.05 0.1328125
10 0.43046875 0.60859375 0.140625 0.2875
10 0.41640625 0.7921875 0.146875 0.08828125
10 0.5078125 0.4953125 0.0546875 0.2078125
10 0.5828125 0.41875 0.08125 0.18671875
10 0.4453125 0.3171875 0.0921875 0.05390625
10 0.56484375 0.2953125 0.13671875 0.05546875