4 0.4890625 0.5359375 0.38359375 0.60390625
3 0.38671875 0.45 0.13203125 0.24921875
3 0.36015625 0.4828125 0.09921875 0.196875
3 0.39765625 0.41640625 0.0984375 0.18359375
1 0.4921875 0.42265625 0.10859375 0.21796875
1 0.46875 0.41328125 0.05390625 0.19453125
1 0.52421875 0.4296875 0.0609375 0.22578125
2 0.59765625 0.478125 0.07734375 0.23125
2 0.5765625 0.47109375 0.0453125 0.1828125
2 0.62265625 0.490625 0.02578125 0.20859375
0 0.51875 0.6203125 0.11953125 0.13515625
5 0.44921875 0.27890625 0.0625 0.0515625
5 0.5328125 0.2984375 0.08125 0.07578125
5 0.54296875 0.76171875 0.0921875 0.13125
5 0.4046875 0.721875 0.096875 0.15