4 0.5453125 0.31953125 0.41953125 0.6265625
3 0.41640625 0.28671875 0.171875 0.26015625
3 0.4171875 0.2296875 0.15078125 0.14375
3 0.4046875 0.34453125 0.15625 0.15
1 0.52578125 0.16015625 0.14921875 0.215625
1 0.4984375 0.18203125 0.09140625 0.19296875
1 0.55390625 0.1515625 0.103125 0.20859375
2 0.6578125 0.16796875 0.1 0.20703125
2 0.63359375 0.159375 0.05 0.20546875
2 0.68046875 0.18046875 0.053125 0.19609375
0 0.60546875 0.36796875 0.12265625 0.20234375
5 0.65546875 0.4703125 0.0890625 0.18046875
5 0.70625 0.36796875 0.053125 0.140625
5 0.534375 0.540625 0.14296875 0.146875
5 0.39609375 0.4703125 0.0671875 0.09765625