16 0.33203125 0.509375 0.66328125 0.9796875
7 0.3109375 0.09765625 0.18515625 0.1953125
7 0.571875 0.2125 0.0703125 0.165625
7 0.2875 0.31484375 0.0796875 0.0890625
10 0.234375 0.2484375 0.125 0.07734375
10 0.40234375 0.22734375 0.228125 0.1046875
10 0.253125 0.7578125 0.2890625 0.428125
10 0.46640625 0.41484375 0.1203125 0.30234375
10 0.3625 0.546875 0.1203125 0.33515625
12 0.5453125 0.56015625 0.13515625 0.31640625
12 0.0640625 0.52109375 0.1234375 0.3515625
10 0.08125 0.79609375 0.0828125 0.1875