17 0.44921875 0.48359375 0.39296875 0.715625
14 0.4484375 0.48828125 0.121875 0.2515625
14 0.57265625 0.66171875 0.08046875 0.17734375
15 0.40390625 0.65703125 0.2140625 0.09765625
15 0.321875 0.37578125 0.14375 0.4671875
15 0.43515625 0.2453125 0.0828125 0.2203125
15 0.490625 0.3359375 0.06015625 0.08125
15 0.60625 0.5078125 0.03203125 0.04765625
5 0.52421875 0.2578125 0.08515625 0.253125
5 0.55546875 0.41953125 0.0640625 0.2484375
5 0.61015625 0.3875 0.03359375 0.15
5 0.44375 0.765625 0.14296875 0.12890625