4 0.53671875 0.43671875 0.84765625 0.8734375
5 0.69375 0.653125 0.221875 0.425
5 0.8421875 0.58828125 0.11640625 0.28984375
0 0.690625 0.3484375 0.31328125 0.340625
5 0.3359375 0.5234375 0.16640625 0.35703125
2 0.80078125 0.121875 0.12890625 0.24375
1 0.69375 0.09609375 0.1328125 0.1921875
3 0.328125 0.1125 0.22265625 0.225
5 0.1703125 0.20546875 0.040625 0.05234375
5 0.17421875 0.1578125 0.05546875 0.08125
5 0.2109375 0.23046875 0.125 0.1765625
5 0.1546875 0.0875 0.03046875 0.0375
5 0.18125 0.23828125 0.04375 0.0640625
5 0.3546875 0.43671875 0.0609375 0.06015625
5 0.29765625 0.540625 0.078125 0.14375
3 0.5078125 0.08046875 0.12265625 0.15078125
5 0.3546875 0.3875 0.05546875 0.07421875
5 0.34453125 0.29375 0.04140625 0.084375
5 0.584375 0.77578125 0.02890625 0.11875
5 0.56015625 0.753125 0.02578125 0.0625
5 0.2796875 0.55 0.02265625 0.06328125
5 0.5765625 0.64296875 0.04609375 0.06875
5 0.66875 0.56015625 0.04765625 0.04375
5 0.26328125 0.525 0.021875 0.04296875
5 0.53671875 0.21484375 0.13984375 0.18046875
5 0.2046875 0.1078125 0.1140625 0.13828125
5 0.62421875 0.1609375 0.02890625 0.0484375
5 0.4765625 0.35625 0.0765625 0.0859375