4 0.47734375 0.46640625 0.87265625 0.9328125
3 0.26015625 0.14375 0.2984375 0.2875
3 0.1921875 0.109375 0.16484375 0.21875
3 0.315625 0.04609375 0.0953125 0.0890625
3 0.37890625 0.13359375 0.08046875 0.13203125
1 0.53515625 0.09921875 0.23203125 0.1984375
1 0.44609375 0.0703125 0.10078125 0.140625
1 0.571875 0.09921875 0.140625 0.1984375
2 0.73359375 0.18359375 0.2140625 0.3671875
2 0.71796875 0.11640625 0.15859375 0.2328125
2 0.78671875 0.190625 0.084375 0.246875
0 0.52890625 0.3703125 0.4078125 0.33515625
5 0.11171875 0.2859375 0.115625 0.253125
5 0.2515625 0.56640625 0.221875 0.4609375
5 0.5953125 0.73359375 0.22890625 0.33671875
5 0.784375 0.6078125 0.1515625 0.35546875
5 0.88046875 0.378125 0.1015625 0.146875