4 0.49140625 0.53046875 0.48984375 0.7890625
3 0.36796875 0.3984375 0.175 0.315625
3 0.3421875 0.4484375 0.1171875 0.246875
3 0.38828125 0.36796875 0.11796875 0.2484375
1 0.51015625 0.378125 0.1578125 0.3125
1 0.47109375 0.3453125 0.078125 0.25
1 0.5453125 0.3828125 0.06796875 0.26015625
2 0.63515625 0.471875 0.1 0.25703125
2 0.61875 0.459375 0.0828125 0.18359375
2 0.6578125 0.4796875 0.053125 0.2515625
0 0.525 0.6328125 0.1828125 0.16875
5 0.37578125 0.71875 0.10625 0.2515625
5 0.28203125 0.54296875 0.06953125 0.1703125
5 0.56015625 0.8078125 0.20625 0.17890625
5 0.65703125 0.74765625 0.0859375 0.15
5 0.46328125 0.1984375 0.03671875 0.04765625
5 0.55703125 0.22265625 0.05234375 0.05703125
5 0.5984375 0.303125 0.03671875 0.12578125