4 0.55703125 0.5 0.80390625 1
5 0.2328125 0.31015625 0.1515625 0.3171875
5 0.42578125 0.64609375 0.290625 0.49921875
5 0.684375 0.84375 0.2515625 0.3125
5 0.865625 0.6921875 0.1109375 0.26640625
5 0.928125 0.47109375 0.0578125 0.08125
3 0.396875 0.19375 0.3671875 0.38671875
3 0.36796875 0.15078125 0.203125 0.3015625
3 0.3703125 0.05546875 0.084375 0.11015625
3 0.4796875 0.10625 0.1703125 0.2125
3 0.5546875 0.24140625 0.0796875 0.1578125
1 0.6703125 0.1703125 0.2453125 0.33984375
1 0.615625 0.12421875 0.11640625 0.2484375
1 0.73515625 0.1703125 0.1140625 0.33984375
2 0.85625 0.2671875 0.15078125 0.4671875
2 0.82734375 0.20390625 0.09140625 0.34296875
2 0.89453125 0.365625 0.06875 0.234375
0 0.72265625 0.515625 0.2890625 0.3296875