4 0.353125 0.5 0.70546875 1
3 0.084375 0.484375 0.16875 0.7015625
1 0.26875 0.3859375 0.25625 0.51796875
1 0.203125 0.4046875 0.1125 0.44765625
1 0.32421875 0.38359375 0.1296875 0.534375
2 0.4984375 0.4125 0.1921875 0.58359375
2 0.465625 0.4171875 0.11171875 0.4609375
2 0.55703125 0.42578125 0.0734375 0.5578125
0 0.33359375 0.83984375 0.259375 0.31953125
5 0.2859375 0.071875 0.40703125 0.14375
5 0.58359375 0.828125 0.159375 0.27421875
5 0.6453125 0.515625 0.09609375 0.3046875
5 0.12109375 0.92890625 0.15234375 0.1421875