16 0.51953125 0.58203125 0.39921875 0.66953125
10 0.46328125 0.6484375 0.14453125 0.26796875
10 0.45 0.36328125 0.08359375 0.040625
10 0.5640625 0.3609375 0.1140625 0.04765625
10 0.59921875 0.47734375 0.08125 0.171875
10 0.52890625 0.53125 0.059375 0.19296875
10 0.35 0.67578125 0.0515625 0.1375
10 0.4609375 0.815625 0.13828125 0.084375
12 0.35078125 0.5046875 0.0859375 0.21640625
12 0.6453125 0.56640625 0.06796875 0.17734375
7 0.50625 0.2640625 0.09296875 0.16015625
7 0.48515625 0.4109375 0.053125 0.0734375
7 0.66328125 0.378125 0.0484375 0.115625