4 0.47265625 0.5 0.87421875 1
3 0.2859375 0.478125 0.4546875 0.82734375
3 0.25625 0.51953125 0.32734375 0.609375
3 0.35078125 0.38515625 0.3171875 0.696875
1 0.6234375 0.42421875 0.2515625 0.7078125
1 0.5546875 0.39453125 0.1421875 0.6171875
1 0.69609375 0.46171875 0.11640625 0.690625
2 0.821875 0.57265625 0.12734375 0.5640625
2 0.8046875 0.56640625 0.06953125 0.546875
0 0.70078125 0.903125 0.27890625 0.19296875
5 0.12734375 0.80078125 0.1578125 0.33515625
5 0.62734375 0.06875 0.14921875 0.1375
3 0.4625 0.08125 0.11484375 0.16171875