4 0.65625 0.5 0.56875 1
3 0.84453125 0.5625 0.11328125 0.51484375
3 0.80546875 0.578125 0.06796875 0.5421875
3 0.8796875 0.5640625 0.07578125 0.521875
3 0.73125 0.7609375 0.0625 0.13203125
5 0.50625 0.64375 0.15234375 0.32734375
5 0.6203125 0.79609375 0.13671875 0.3015625
5 0.60625 0.028125 0.240625 0.05625
0 0.70078125 0.13046875 0.20546875 0.1578125
1 0.66484375 0.453125 0.19609375 0.428125
1 0.72421875 0.48828125 0.07265625 0.36953125
1 0.63125 0.42734375 0.10390625 0.33984375
2 0.5 0.25703125 0.22109375 0.39375
2 0.52265625 0.30625 0.19765625 0.32890625
2 0.47109375 0.24609375 0.14765625 0.31640625