4 0.525 0.471875 0.4203125 0.65546875
3 0.39765625 0.38203125 0.14375 0.2890625
1 0.5390625 0.35 0.134375 0.24921875
3 0.4171875 0.34609375 0.10546875 0.19296875
3 0.46484375 0.23828125 0.0390625 0.11328125
3 0.3859375 0.4296875 0.10625 0.20234375
2 0.64375 0.41328125 0.084375 0.23359375
2 0.628125 0.40546875 0.0765625 0.20234375
2 0.66640625 0.42734375 0.03984375 0.2375
0 0.55546875 0.57265625 0.15546875 0.14453125
5 0.41484375 0.665625 0.09140625 0.1625
5 0.57890625 0.215625 0.1 0.08203125
5 0.35078125 0.5140625 0.0828125 0.15234375
5 0.4328125 0.1953125 0.0609375 0.07578125
5 0.503125 0.19609375 0.07109375 0.08828125
5 0.67109375 0.3578125 0.03515625 0.09765625
5 0.56171875 0.19296875 0.025 0.0390625
5 0.453125 0.63046875 0.16953125 0.3046875
5 0.475 0.17578125 0.01796875 0.040625
5 0.76640625 0.08125 0.04140625 0.05625
5 0.33671875 0.4765625 0.04453125 0.06328125
5 0.4390625 0.1796875 0.0203125 0.025
5 0.3296875 0.54609375 0.02109375 0.0296875
5 0.37890625 0.6890625 0.01015625 0.02734375
5 0.659375 0.64765625 0.06328125 0.1578125
5 0.57578125 0.7234375 0.109375 0.1625
5 0.57890625 0.259375 0.1 0.16875
1 0.5 0.34140625 0.04609375 0.215625
1 0.5625 0.33671875 0.0703125 0.2140625