16 0.515625 0.546875 0.51875 0.90625
12 0.30078125 0.43828125 0.1140625 0.2859375
12 0.690625 0.5859375 0.09375 0.240625
10 0.4625 0.9171875 0.21640625 0.165625
10 0.30390625 0.684375 0.0625 0.16796875
10 0.47265625 0.67265625 0.18515625 0.37421875
10 0.55390625 0.51953125 0.0828125 0.303125
10 0.64453125 0.46171875 0.115625 0.21953125
10 0.44375 0.2578125 0.09921875 0.09609375
10 0.5859375 0.2796875 0.17109375 0.11015625
7 0.5109375 0.33125 0.06953125 0.11953125
7 0.51484375 0.115625 0.11015625 0.19921875
7 0.7140625 0.334375 0.07421875 0.14609375