4 0.4546875 0.5 0.63203125 1
0 0.37109375 0.2765625 0.134375 0.35859375
3 0.58359375 0.178125 0.35078125 0.35625
3 0.5453125 0.04765625 0.28046875 0.0921875
3 0.62578125 0.28828125 0.26953125 0.1546875
1 0.60390625 0.534375 0.240625 0.34375
1 0.61171875 0.4515625 0.20390625 0.1859375
1 0.61328125 0.63046875 0.20234375 0.16171875
2 0.5390625 0.83984375 0.20703125 0.26484375
5 0.2703125 0.71484375 0.203125 0.51875
5 0.22109375 0.22734375 0.14921875 0.45390625
5 0.33984375 0.04140625 0.078125 0.0828125