4 0.47734375 0.5109375 0.33046875 0.59609375
0 0.421875 0.3953125 0.065625 0.18671875
3 0.54140625 0.33515625 0.18046875 0.215625
1 0.55390625 0.52421875 0.12734375 0.1828125
1 0.5625 0.48046875 0.12734375 0.11015625
1 0.54765625 0.57265625 0.12265625 0.10234375
3 0.51640625 0.26484375 0.140625 0.06953125
3 0.54765625 0.31015625 0.1484375 0.0390625
3 0.5515625 0.3828125 0.140625 0.10078125
2 0.503125 0.6875 0.13984375 0.15625
2 0.5125 0.64375 0.09921875 0.06796875
2 0.49609375 0.7109375 0.09296875 0.08515625
5 0.3984375 0.27109375 0.084375 0.0984375
5 0.35390625 0.55546875 0.06328125 0.49375
5 0.415625 0.65625 0.04609375 0.32578125