4 0.4765625 0.5 0.5546875 1
0 0.38046875 0.3 0.1234375 0.34921875
1 0.59296875 0.53203125 0.18984375 0.28984375
3 0.52578125 0.08046875 0.2625 0.11796875
3 0.5796875 0.15625 0.24453125 0.10078125
3 0.603125 0.29453125 0.26015625 0.19453125
1 0.60625 0.46328125 0.19765625 0.17578125
1 0.609375 0.6203125 0.20625 0.165625
2 0.5640625 0.85390625 0.178125 0.19765625
2 0.43515625 0.70390625 0.1 0.28984375
2 0.55234375 0.75703125 0.1640625 0.18359375
5 0.303125 0.71328125 0.17734375 0.41171875
5 0.24453125 0.34765625 0.13828125 0.31875
5 0.32578125 0.07734375 0.10703125 0.1515625