16 0.3140625 0.678125 0.29921875 0.565625
16 0.6578125 0.259375 0.375 0.51875
12 0.2453125 0.8609375 0.09609375 0.15859375
12 0.31640625 0.90234375 0.04609375 0.115625
12 0.54765625 0.2265625 0.084375 0.10390625
12 0.56796875 0.1171875 0.103125 0.15390625
10 0.75546875 0.22890625 0.1359375 0.4578125
8 0.33828125 0.55859375 0.234375 0.2484375
7 0.52734375 0.33671875 0.11640625 0.15859375
7 0.5859375 0.40078125 0.0890625 0.12890625
7 0.6359375 0.47265625 0.053125 0.084375
7 0.3671875 0.81328125 0.09140625 0.13515625
7 0.40234375 0.68515625 0.046875 0.15234375