16 0.31875 0.65546875 0.2921875 0.55390625
16 0.6359375 0.246875 0.33515625 0.49375
7 0.3640625 0.77109375 0.0984375 0.11015625
7 0.51796875 0.33125 0.08984375 0.096875
7 0.58125 0.37421875 0.08984375 0.12109375
7 0.6203125 0.45859375 0.0671875 0.0984375
12 0.53125 0.21328125 0.084375 0.1171875
12 0.5625 0.1171875 0.09453125 0.14609375
12 0.25625 0.81328125 0.06171875 0.13515625
12 0.31640625 0.86953125 0.05625 0.121875
10 0.7359375 0.20390625 0.12421875 0.40703125
8 0.3375 0.540625 0.2109375 0.215625