16 0.63671875 0.3125 0.3515625 0.625
16 0.265625 0.73671875 0.265625 0.5265625
10 0.7453125 0.26640625 0.1765625 0.5328125
10 0.621875 0.32265625 0.1671875 0.1640625
10 0.5453125 0.03125 0.05625 0.0625
10 0.58046875 0.0921875 0.05546875 0.12734375
12 0.55078125 0.165625 0.08984375 0.16015625
12 0.509375 0.29296875 0.0828125 0.13359375
12 0.190625 0.934375 0.078125 0.11171875
8 0.28828125 0.6421875 0.221875 0.28359375
7 0.490625 0.42109375 0.10234375 0.15078125
7 0.55703125 0.5125 0.1 0.11171875
7 0.60390625 0.60859375 0.06015625 0.075
7 0.31015625 0.93359375 0.1046875 0.11328125