16 0.6421875 0.25234375 0.31953125 0.50390625
16 0.33828125 0.6796875 0.27890625 0.5265625
7 0.38984375 0.77265625 0.08203125 0.11171875
7 0.5296875 0.34921875 0.1046875 0.13359375
7 0.58046875 0.39765625 0.07890625 0.13671875
7 0.6171875 0.45625 0.0578125 0.08515625
7 0.4203125 0.665625 0.03125 0.1078125
12 0.278125 0.80625 0.06875 0.12578125
12 0.3375 0.8546875 0.0546875 0.11015625
12 0.540625 0.240625 0.0671875 0.090625
12 0.56953125 0.146875 0.06171875 0.12109375
10 0.58984375 0.0390625 0.0953125 0.078125
10 0.621875 0.26015625 0.12578125 0.13125
10 0.72578125 0.2265625 0.13046875 0.39765625
8 0.35234375 0.53828125 0.21953125 0.20234375