16 0.6546875 0.4109375 0.2578125 0.4640625
16 0.38515625 0.7515625 0.24453125 0.4546875
8 0.4046875 0.6625 0.1921875 0.190625
7 0.4359375 0.8625 0.07421875 0.0890625
7 0.56328125 0.4890625 0.08515625 0.10390625
7 0.60546875 0.5484375 0.065625 0.0828125
7 0.6390625 0.60703125 0.0390625 0.05390625
7 0.4671875 0.7796875 0.0203125 0.08125
12 0.33515625 0.890625 0.06796875 0.1171875
12 0.38515625 0.94453125 0.07265625 0.0984375
12 0.5953125 0.3296875 0.0625 0.11796875
12 0.57109375 0.41171875 0.05625 0.07734375
10 0.625 0.221875 0.103125 0.0890625
10 0.73046875 0.4046875 0.096875 0.37265625