16 0.62734375 0.36328125 0.27578125 0.478125
16 0.33359375 0.75859375 0.265625 0.478125
10 0.7109375 0.371875 0.1015625 0.44140625
10 0.61640625 0.39140625 0.10625 0.11796875
10 0.58984375 0.16015625 0.09609375 0.084375
12 0.5671875 0.28203125 0.0765625 0.1328125
12 0.5421875 0.37109375 0.075 0.10390625
12 0.28671875 0.90859375 0.071875 0.12578125
12 0.3421875 0.946875 0.04375 0.10546875
8 0.359375 0.64296875 0.1953125 0.20625
7 0.5234375 0.46640625 0.09375 0.1171875
7 0.578125 0.52109375 0.08984375 0.0890625
7 0.61796875 0.59453125 0.0515625 0.07734375
7 0.3890625 0.87734375 0.08203125 0.096875
7 0.42578125 0.7765625 0.0234375 0.10625