16 0.7625 0.2640625 0.475 0.528125
16 0.328125 0.725 0.34921875 0.55
8 0.3515625 0.6203125 0.26015625 0.28515625
7 0.5625 0.36328125 0.10625 0.15078125
7 0.6453125 0.45234375 0.1421875 0.16640625
7 0.71875 0.5578125 0.08828125 0.11796875
7 0.38203125 0.934375 0.12890625 0.13125
12 0.6015625 0.228125 0.0921875 0.125
12 0.63828125 0.08515625 0.10703125 0.1703125
12 0.24765625 0.94609375 0.0765625 0.10703125
10 0.72421875 0.24375 0.1859375 0.175
10 0.759375 0.459375 0.090625 0.0578125
10 0.875 0.265625 0.190625 0.53125
7 0.4296875 0.82265625 0.03671875 0.09296875