16 0.64453125 0.3859375 0.26328125 0.45
16 0.36328125 0.7421875 0.23671875 0.41796875
10 0.6359375 0.41015625 0.1078125 0.10859375
10 0.7203125 0.378125 0.1234375 0.39140625
10 0.60078125 0.19921875 0.0921875 0.07578125
8 0.39375 0.65546875 0.1953125 0.2078125
7 0.41875 0.86171875 0.09765625 0.1078125
7 0.45078125 0.77890625 0.02109375 0.09296875
7 0.54765625 0.49765625 0.08046875 0.11328125
7 0.5984375 0.5328125 0.0796875 0.096875
7 0.63046875 0.60390625 0.06171875 0.0921875
12 0.56171875 0.409375 0.07890625 0.08046875
12 0.58125 0.32109375 0.0765625 0.1296875
12 0.321875 0.896875 0.065625 0.1234375
12 0.37578125 0.94140625 0.04375 0.10234375