16 0.66171875 0.33984375 0.25546875 0.4875
16 0.3734375 0.67109375 0.2421875 0.43203125
12 0.58828125 0.28125 0.096875 0.19453125
12 0.32578125 0.8046875 0.06484375 0.115625
12 0.37734375 0.840625 0.03828125 0.11015625
7 0.4296875 0.77890625 0.07265625 0.096875
7 0.5625 0.421875 0.06640625 0.1140625
7 0.60859375 0.46875 0.06328125 0.1
7 0.640625 0.53515625 0.05703125 0.07734375
8 0.40078125 0.57734375 0.19140625 0.20859375
10 0.740625 0.31796875 0.1046875 0.346875
10 0.625 0.14296875 0.1046875 0.07578125