16 0.63125 0.32890625 0.3828125 0.65703125
16 0.265625 0.7390625 0.296875 0.521875
12 0.2 0.928125 0.0765625 0.14375
12 0.26640625 0.9703125 0.0578125 0.059375
12 0.5015625 0.2703125 0.0828125 0.146875
12 0.54453125 0.17578125 0.084375 0.20234375
8 0.2890625 0.63515625 0.22421875 0.28984375
10 0.54765625 0.03515625 0.0765625 0.0703125
10 0.578125 0.08828125 0.06015625 0.14453125
10 0.74921875 0.2734375 0.1796875 0.546875
10 0.60703125 0.3046875 0.15234375 0.16015625
7 0.309375 0.9140625 0.12890625 0.14453125
7 0.4890625 0.409375 0.10625 0.15390625
7 0.5546875 0.49609375 0.1078125 0.13671875
7 0.5984375 0.60625 0.08984375 0.10859375