16 0.3484375 0.74765625 0.271875 0.5046875
16 0.64453125 0.3609375 0.26796875 0.4828125
7 0.53671875 0.46171875 0.0859375 0.10859375
7 0.58671875 0.52421875 0.0859375 0.09453125
7 0.62578125 0.58515625 0.04296875 0.06953125
7 0.4 0.85625 0.0734375 0.1
7 0.4375 0.76328125 0.0203125 0.08046875
12 0.2984375 0.89609375 0.0765625 0.11953125
12 0.35703125 0.94765625 0.0609375 0.1046875
12 0.57265625 0.275 0.075 0.12734375
12 0.54765625 0.3765625 0.05859375 0.09296875
10 0.5984375 0.16484375 0.0953125 0.0984375
10 0.71640625 0.34140625 0.10859375 0.36796875
8 0.3734375 0.6484375 0.2046875 0.22578125