16 0.52734375 0.5 0.9453125 1
7 0.4453125 0.96171875 0.44765625 0.0765625
12 0.31171875 0.7859375 0.196875 0.28203125
12 0.30078125 0.44765625 0.27578125 0.3125
10 0.21796875 0.14140625 0.14375 0.28203125
10 0.31875 0.2484375 0.1734375 0.190625
10 0.7171875 0.178125 0.5453125 0.35546875
10 0.86875 0.590625 0.2625 0.475
10 0.5265625 0.6125 0.2328125 0.615625
10 0.85390625 0.571875 0.2140625 0.26953125
10 0.678125 0.1765625 0.3515625 0.26640625
10 0.73671875 0.19609375 0.0421875 0.3921875
10 0.83203125 0.22421875 0.1578125 0.08515625
10 0.896875 0.30859375 0.07734375 0.26796875
10 0.5046875 0.071875 0.1625 0.14375