16 0.646875 0.32421875 0.39296875 0.6203125
16 0.26171875 0.7203125 0.29921875 0.55859375
7 0.496875 0.41640625 0.1234375 0.13125
7 0.5640625 0.5203125 0.1234375 0.1390625
7 0.60703125 0.60390625 0.0609375 0.10234375
7 0.3046875 0.934375 0.09765625 0.0984375
12 0.19140625 0.934375 0.06484375 0.13125
12 0.52421875 0.29140625 0.0984375 0.14453125
12 0.55234375 0.1796875 0.0890625 0.1890625
10 0.58828125 0.0875 0.05859375 0.1296875
10 0.5578125 0.0296875 0.09609375 0.0484375
10 0.75 0.28203125 0.1640625 0.55546875
8 0.2890625 0.63984375 0.2203125 0.2953125