16 0.6171875 0.28515625 0.44296875 0.56953125
16 0.22890625 0.7203125 0.33359375 0.55859375
8 0.25390625 0.5953125 0.26875 0.26953125
7 0.3203125 0.771875 0.0390625 0.13671875
7 0.271875 0.8828125 0.1171875 0.15390625
12 0.15859375 0.90859375 0.07734375 0.14453125
12 0.22421875 0.9703125 0.0453125 0.059375
12 0.484375 0.20703125 0.10234375 0.15078125
12 0.5265625 0.0921875 0.11171875 0.184375
10 0.7375 0.25 0.16953125 0.5
10 0.6015625 0.23828125 0.20078125 0.15625
10 0.62890625 0.4546875 0.1 0.0734375
10 0.72265625 0.1265625 0.15078125 0.11171875
7 0.471875 0.34296875 0.1125 0.1625
7 0.53359375 0.4421875 0.10546875 0.12890625
7 0.59375 0.53359375 0.075 0.10078125