16 0.63515625 0.31953125 0.40625 0.6390625
16 0.23828125 0.7375 0.3046875 0.49140625
7 0.48671875 0.4421875 0.096875 0.15
7 0.5546875 0.52734375 0.10390625 0.1484375
7 0.60234375 0.62265625 0.078125 0.11328125
7 0.2953125 0.95234375 0.11484375 0.09453125
8 0.265625 0.67109375 0.2421875 0.26796875
10 0.54375 0.03203125 0.09140625 0.0640625
10 0.74609375 0.25859375 0.1671875 0.5015625
10 0.60390625 0.3265625 0.18125 0.1578125
12 0.53828125 0.178125 0.10546875 0.20078125
12 0.4921875 0.30625 0.09609375 0.1375
12 0.16953125 0.95703125 0.05859375 0.0859375