5 0.3171875 0.6171875 0.365625 0.575
8 0.1765625 0.72265625 0.08203125 0.24296875
8 0.71796875 0.61640625 0.08046875 0.1078125
8 0.771875 0.56015625 0.07265625 0.10390625
1 0.25546875 0.82734375 0.09140625 0.1390625
10 0.30390625 0.51171875 0.24453125 0.346875
0 0.38671875 0.69140625 0.2140625 0.37890625
15 0.69765625 0.44609375 0.21328125 0.43203125
14 0.65390625 0.53046875 0.08671875 0.13359375
14 0.6703125 0.39140625 0.09921875 0.1125
2 0.74609375 0.40703125 0.05859375 0.14453125
3 0.678125 0.32578125 0.10234375 0.08125
7 0.69765625 0.290625 0.153125 0.125