13 0.55703125 0.5 0.64609375 1
9 0.3140625 0.27578125 0.17421875 0.3984375
9 0.80546875 0.5328125 0.09140625 0.26640625
6 0.33046875 0.64140625 0.0859375 0.246875
6 0.559375 0.60625 0.25 0.51171875
6 0.65703125 0.41484375 0.1078125 0.44765625
6 0.75078125 0.3375 0.12265625 0.25859375
6 0.5609375 0.93046875 0.25546875 0.1390625
6 0.51015625 0.05859375 0.13359375 0.0890625
6 0.678125 0.1296875 0.1546875 0.11171875
1 0.5796875 0.16640625 0.05546875 0.11484375
1 0.5703125 0.0328125 0.14453125 0.065625
1 0.80234375 0.165625 0.0828125 0.12265625