15 0.5234375 0.4625 0.39609375 0.66171875
14 0.621875 0.47109375 0.13203125 0.36015625
14 0.60078125 0.48125 0.08515625 0.315625
14 0.64296875 0.4484375 0.1 0.3234375
3 0.48671875 0.43203125 0.134375 0.2328125
3 0.46015625 0.42109375 0.07734375 0.18984375
3 0.5234375 0.44921875 0.065625 0.2328125
2 0.50625 0.24453125 0.146875 0.09921875
7 0.39296875 0.38125 0.11484375 0.2515625
7 0.41171875 0.38828125 0.10078125 0.21328125
7 0.375 0.37265625 0.08671875 0.2375
16 0.415625 0.603125 0.0875 0.19140625
16 0.49296875 0.6765625 0.08671875 0.1578125
16 0.62265625 0.25625 0.0734375 0.10546875