13 0.621875 0.5 0.61953125 1
9 0.384375 0.36015625 0.15234375 0.39140625
9 0.85078125 0.59453125 0.09765625 0.3265625
1 0.63203125 0.0828125 0.1421875 0.165625
1 0.62890625 0.24453125 0.0703125 0.08828125
1 0.85390625 0.2546875 0.075 0.115625
6 0.7234375 0.2109375 0.1734375 0.07734375
6 0.55859375 0.14765625 0.1359375 0.11171875
6 0.62578125 0.671875 0.20625 0.51328125
6 0.70546875 0.5078125 0.09609375 0.41328125
6 0.80625 0.42578125 0.125 0.25625
6 0.39765625 0.7078125 0.0859375 0.2390625
6 0.61015625 0.95703125 0.215625 0.08515625