15 0.52734375 0.4515625 0.38046875 0.63046875
14 0.43125 0.315625 0.10234375 0.2484375
14 0.4484375 0.29609375 0.06953125 0.228125
14 0.40390625 0.35078125 0.05859375 0.22421875
16 0.64453125 0.30859375 0.065625 0.1765625
16 0.53359375 0.17890625 0.07421875 0.09765625
16 0.3828125 0.57421875 0.071875 0.2
16 0.515625 0.7015625 0.19609375 0.13046875
2 0.515625 0.56640625 0.15234375 0.15078125
4 0.54375 0.3578125 0.12734375 0.27421875
4 0.51875 0.33359375 0.0625 0.21484375
4 0.57265625 0.3734375 0.06796875 0.20234375
7 0.63984375 0.490625 0.12109375 0.20234375
7 0.62265625 0.4671875 0.10390625 0.14375
7 0.66015625 0.496875 0.08203125 0.20390625