13 0.3375 0.46953125 0.5140625 0.93828125
6 0.234375 0.5609375 0.20703125 0.38046875
6 0.20234375 0.79375 0.15 0.140625
6 0.1109375 0.59609375 0.0625 0.1546875
6 0.3203125 0.375 0.06875 0.28984375
6 0.41640625 0.27734375 0.11953125 0.2875
6 0.41171875 0.11796875 0.1796875 0.0890625
6 0.27421875 0.1578125 0.0765625 0.0578125
1 0.3015625 0.21640625 0.06875 0.1
1 0.540625 0.08984375 0.06875 0.16953125
1 0.34296875 0.06328125 0.13125 0.12578125
9 0.12265625 0.38046875 0.1078125 0.2546875
9 0.47578125 0.40078125 0.12578125 0.3046875