15 0.5 0.509375 0.39609375 0.6671875
16 0.346875 0.56328125 0.0796875 0.4546875
16 0.396875 0.6890625 0.103125 0.13359375
16 0.490625 0.8078125 0.09453125 0.10390625
16 0.67890625 0.515625 0.0703125 0.2875
16 0.47421875 0.19921875 0.0578125 0.06953125
16 0.40078125 0.28515625 0.05234375 0.06796875
2 0.41953125 0.47109375 0.09765625 0.26640625
7 0.534375 0.615625 0.12890625 0.146875
7 0.5328125 0.68828125 0.16796875 0.1078125
3 0.5578125 0.48515625 0.153125 0.10859375
3 0.5578125 0.37421875 0.134375 0.05234375
14 0.5359375 0.2578125 0.1890625 0.15625