6 0.440625 0.61484375 0.171875 0.31484375
6 0.43046875 0.82109375 0.184375 0.15078125
6 0.50859375 0.50625 0.0734375 0.25625
6 0.5734375 0.4265625 0.07109375 0.1734375
6 0.49453125 0.27890625 0.23671875 0.0515625
6 0.3078125 0.63203125 0.07421875 0.15078125
9 0.2984375 0.415625 0.1046875 0.2375
9 0.6296875 0.521875 0.0734375 0.23203125
1 0.65703125 0.31015625 0.06171875 0.13125
1 0.46796875 0.32578125 0.046875 0.05546875
1 0.4859375 0.1578125 0.10546875 0.1734375
13 0.490625 0.4953125 0.41953125 0.77578125