6 0.44375 0.5984375 0.13671875 0.26953125
6 0.490625 0.3265625 0.22421875 0.05390625
6 0.57421875 0.4390625 0.0859375 0.14296875
6 0.50625 0.50390625 0.04453125 0.1875
6 0.3328125 0.61015625 0.03984375 0.10390625
6 0.44609375 0.77890625 0.159375 0.13671875
9 0.33203125 0.44453125 0.09140625 0.1875
9 0.61640625 0.53515625 0.0640625 0.1984375
1 0.64140625 0.3546875 0.0546875 0.115625
1 0.471875 0.36875 0.05390625 0.0734375
1 0.490625 0.21875 0.0890625 0.15859375
13 0.49453125 0.5109375 0.3890625 0.6671875