13 0.52421875 0.4265625 0.5546875 0.853125
6 0.46953125 0.5171875 0.19609375 0.36953125
6 0.45 0.74375 0.1921875 0.12421875
6 0.296875 0.52578125 0.08515625 0.16875
6 0.553125 0.3421875 0.084375 0.28046875
6 0.6609375 0.2625 0.11640625 0.21875
6 0.44609375 0.0875 0.10234375 0.0703125
6 0.59609375 0.09296875 0.15546875 0.065625
1 0.50625 0.15546875 0.05234375 0.075
1 0.5109375 0.03515625 0.12265625 0.06953125
1 0.73671875 0.1296875 0.0640625 0.1453125
9 0.30078125 0.2859375 0.1203125 0.28359375
9 0.69921875 0.4046875 0.1171875 0.27265625