15 0.50078125 0.4484375 0.4203125 0.68203125
3 0.46640625 0.3703125 0.16640625 0.20078125
3 0.46484375 0.31640625 0.15859375 0.11796875
3 0.4640625 0.415625 0.1640625 0.08125
14 0.48515625 0.61484375 0.21328125 0.33203125
14 0.4609375 0.584375 0.19296875 0.25
14 0.503125 0.65859375 0.175 0.26953125
14 0.48515625 0.65625 0.16484375 0.23125
2 0.6 0.340625 0.0875 0.25546875
7 0.49765625 0.221875 0.1609375 0.13515625
7 0.490625 0.22734375 0.14140625 0.11171875
7 0.55234375 0.18359375 0.06328125 0.0609375
16 0.36015625 0.35859375 0.075 0.2234375
16 0.315625 0.4875 0.06328125 0.0953125
16 0.63671875 0.246875 0.04765625 0.10703125
16 0.64921875 0.32265625 0.05625 0.090625
16 0.684375 0.384375 0.06328125 0.11015625
16 0.6390625 0.571875 0.0875 0.215625
16 0.56015625 0.734375 0.07734375 0.1546875