13 0.50625 0.47109375 0.51640625 0.85
9 0.29453125 0.3640625 0.11875 0.253125
9 0.66640625 0.48046875 0.07578125 0.246875
1 0.70078125 0.22890625 0.065625 0.1609375
1 0.49296875 0.08125 0.11484375 0.16171875
1 0.48203125 0.253125 0.05234375 0.0765625
6 0.43515625 0.19453125 0.1140625 0.0640625
6 0.57578125 0.196875 0.16171875 0.065625
6 0.6234375 0.35625 0.10234375 0.20703125
6 0.52109375 0.4296875 0.06328125 0.26796875
6 0.44453125 0.55234375 0.1640625 0.3265625
6 0.29765625 0.58828125 0.0609375 0.15625
6 0.4296875 0.78125 0.184375 0.11953125