13 0.54765625 0.5 0.640625 1
9 0.29609375 0.3921875 0.171875 0.3984375
9 0.7859375 0.5765625 0.09453125 0.3046875
6 0.73046875 0.40234375 0.134375 0.26796875
6 0.53828125 0.671875 0.24296875 0.52265625
6 0.6328125 0.51328125 0.090625 0.41015625
6 0.64375 0.175 0.18203125 0.13203125
6 0.4890625 0.1265625 0.1375 0.08125
1 0.55859375 0.240625 0.08046875 0.13203125
1 0.5671875 0.06015625 0.1328125 0.1203125
1 0.79453125 0.22890625 0.08828125 0.13046875
6 0.3015625 0.73515625 0.103125 0.2515625
6 0.53359375 0.96484375 0.221875 0.0703125