12 0.50546875 0.33203125 0.31796875 0.42578125
17 0.47265625 0.53203125 0.58515625 0.909375
12 0.4234375 0.32890625 0.1234375 0.2265625
12 0.60078125 0.140625 0.06796875 0.1078125
12 0.26484375 0.4734375 0.0609375 0.0875
12 0.31015625 0.4484375 0.1296875 0.190625
12 0.35078125 0.25625 0.0484375 0.1046875
12 0.31796875 0.859375 0.04375 0.09609375
12 0.2734375 0.6 0.071875 0.1578125
12 0.421875 0.23359375 0.06171875 0.10234375
12 0.37421875 0.89921875 0.05234375 0.0765625
16 0.1953125 0.434375 0.09765625 0.1609375
12 0.46484375 0.22734375 0.12578125 0.16484375
12 0.45703125 0.16171875 0.05078125 0.0640625
12 0.38203125 0.35234375 0.0484375 0.07421875
16 0.3015625 0.31875 0.096875 0.16875
12 0.49921875 0.1578125 0.04296875 0.05625
12 0.34453125 0.7203125 0.1015625 0.13671875
16 0.2296875 0.6078125 0.06796875 0.18125
12 0.43515625 0.1734375 0.0390625 0.0671875
16 0.35546875 0.8453125 0.06953125 0.0609375
16 0.40703125 0.94921875 0.1109375 0.08984375
12 0.63984375 0.2890625 0.0328125 0.05390625
12 0.55 0.16640625 0.0265625 0.06875
12 0.60234375 0.26640625 0.02578125 0.04765625
12 0.24453125 0.36171875 0.04375 0.07421875
16 0.2953125 0.29609375 0.04296875 0.05625
16 0.284375 0.25 0.03828125 0.046875
12 0.41796875 0.659375 0.021875 0.034375
16 0.28359375 0.42578125 0.02734375 0.040625
12 0.3375 0.975 0.0546875 0.05
12 0.54375 0.203125 0.02265625 0.0375
12 0.525 0.2 0.01953125 0.04375
12 0.4875 0.2015625 0.0375 0.05234375
16 0.20625 0.3703125 0.03125 0.03828125
16 0.33125 0.2828125 0.01953125 0.0359375
16 0.17578125 0.40703125 0.03203125 0.0390625
12 0.4421875 0.86875 0.01953125 0.0421875
16 0.18203125 0.4640625 0.0296875 0.06015625
12 0.4265625 0.865625 0.02109375 0.04609375
16 0.28828125 0.3984375 0.0140625 0.04609375
11 0.42734375 0.6796875 0.2578125 0.28828125
16 0.2703125 0.32734375 0.0140625 0.046875
12 0.65703125 0.6109375 0.1921875 0.5609375
11 0.22109375 0.81875 0.13046875 0.21015625