15 0.50703125 0.478125 0.66875 0.95625
2 0.5453125 0.5375 0.27890625 0.26015625
14 0.31796875 0.2421875 0.21640625 0.41015625
14 0.26484375 0.30078125 0.1484375 0.3234375
14 0.3390625 0.184375 0.13125 0.2953125
14 0.421875 0.35390625 0.06953125 0.11328125
3 0.515625 0.18828125 0.20859375 0.3765625
3 0.4640625 0.1875 0.10625 0.375
3 0.57265625 0.18828125 0.09921875 0.3765625
7 0.69375 0.3109375 0.16484375 0.3765625
7 0.68125 0.28046875 0.11015625 0.29375
7 0.7296875 0.3625 0.071875 0.2984375
16 0.21640625 0.44296875 0.1 0.2265625
16 0.328125 0.68203125 0.17734375 0.36796875
16 0.57109375 0.7875 0.19453125 0.28203125
16 0.721875 0.6578125 0.115625 0.2984375