13 0.5015625 0.44609375 0.53359375 0.8921875
9 0.29296875 0.31328125 0.1140625 0.28984375
9 0.69296875 0.42578125 0.08046875 0.26640625
1 0.71640625 0.1671875 0.07734375 0.159375
1 0.5125 0.0578125 0.11796875 0.11484375
1 0.496875 0.196875 0.0578125 0.08125
6 0.4375 0.1359375 0.10390625 0.06875
6 0.59609375 0.14140625 0.16484375 0.075
6 0.6375 0.30546875 0.1140625 0.215625
6 0.5421875 0.3890625 0.0640625 0.29375
6 0.45234375 0.51484375 0.2125 0.3796875
6 0.30703125 0.56015625 0.090625 0.18828125
6 0.43828125 0.75703125 0.1859375 0.12890625