13 0.54453125 0.47890625 0.42890625 0.73125
9 0.36875 0.39140625 0.0765625 0.18671875
9 0.67890625 0.509375 0.08203125 0.19921875
6 0.4953125 0.5703125 0.14140625 0.27734375
6 0.4890625 0.7765625 0.16484375 0.14609375
6 0.5625 0.471875 0.046875 0.22421875
6 0.63203125 0.409375 0.0953125 0.16796875
6 0.546875 0.25546875 0.2015625 0.06171875
1 0.540625 0.1421875 0.075 0.19296875
1 0.52265625 0.32109375 0.0421875 0.06171875
1 0.703125 0.2890625 0.046875 0.1078125
6 0.37109375 0.5859375 0.0578125 0.14609375