15 0.50234375 0.525 0.41875 0.73046875
16 0.33125 0.58828125 0.08671875 0.2171875
16 0.37734375 0.71171875 0.10703125 0.19140625
16 0.67421875 0.52734375 0.04609375 0.33125
16 0.453125 0.20390625 0.04375 0.0859375
16 0.35703125 0.3453125 0.07734375 0.1484375
2 0.4125 0.4953125 0.078125 0.27109375
7 0.54140625 0.67421875 0.18125 0.2265625
7 0.54609375 0.63515625 0.16484375 0.13046875
7 0.54140625 0.7265625 0.18515625 0.09375
3 0.56015625 0.44765625 0.16171875 0.21484375
3 0.55625 0.37890625 0.1515625 0.078125
3 0.5734375 0.48515625 0.153125 0.12421875
14 0.52265625 0.2515625 0.18125 0.12265625
14 0.53046875 0.2828125 0.1484375 0.1390625