15 0.51484375 0.5796875 0.38203125 0.70390625
14 0.5921875 0.665625 0.115625 0.35625
14 0.56484375 0.671875 0.06796875 0.35078125
14 0.6234375 0.6703125 0.06328125 0.33671875
16 0.36015625 0.6734375 0.07265625 0.2
16 0.42265625 0.81640625 0.08515625 0.23125
16 0.67578125 0.65 0.028125 0.14921875
16 0.63984375 0.43046875 0.07578125 0.146875
16 0.51015625 0.27109375 0.15390625 0.10078125
2 0.525 0.36328125 0.15 0.1234375
7 0.384375 0.43359375 0.14765625 0.22421875
3 0.45234375 0.56328125 0.14140625 0.28515625