13 0.49140625 0.4515625 0.41171875 0.68515625
6 0.32890625 0.5484375 0.0578125 0.11953125
6 0.43359375 0.71171875 0.159375 0.15
6 0.44296875 0.53046875 0.14375 0.26796875
6 0.5046875 0.425 0.0390625 0.2296875
6 0.57109375 0.36796875 0.09140625 0.1625
6 0.5078125 0.2578125 0.2171875 0.0828125
1 0.475 0.2984375 0.06015625 0.08671875
1 0.484375 0.153125 0.08046875 0.17734375
1 0.6453125 0.27734375 0.0421875 0.11953125
9 0.61640625 0.46953125 0.078125 0.19296875
9 0.32734375 0.3734375 0.09765625 0.21640625