15 0.528125 0.490625 0.4421875 0.696875
14 0.4109375 0.38984375 0.17109375 0.3171875
14 0.42109375 0.33359375 0.1140625 0.2234375
14 0.38515625 0.42578125 0.1125 0.2265625
3 0.54609375 0.33203125 0.13203125 0.25546875
3 0.50703125 0.3234375 0.06171875 0.2421875
3 0.5734375 0.33671875 0.0640625 0.2328125
7 0.6609375 0.40546875 0.0921875 0.25859375
7 0.64140625 0.41328125 0.065625 0.19296875
7 0.6859375 0.4203125 0.03671875 0.25
2 0.56171875 0.58515625 0.159375 0.18359375
16 0.43046875 0.67109375 0.11640625 0.2390625
16 0.34453125 0.51640625 0.05546875 0.12578125
16 0.58359375 0.7296875 0.10859375 0.1515625
16 0.6765625 0.671875 0.06015625 0.1546875