13 0.57578125 0.5 0.6390625 1
6 0.57578125 0.63125 0.2515625 0.5546875
6 0.34296875 0.6640625 0.09140625 0.25
6 0.678125 0.44765625 0.1 0.41015625
6 0.76640625 0.37578125 0.13046875 0.27109375
6 0.5203125 0.075 0.115625 0.10078125
6 0.68828125 0.140625 0.1453125 0.09765625
1 0.603125 0.04765625 0.128125 0.0953125
1 0.5953125 0.1828125 0.06171875 0.10234375
1 0.81875 0.18125 0.07265625 0.10546875
6 0.58515625 0.95625 0.234375 0.0875
9 0.3390625 0.2921875 0.17421875 0.41171875
9 0.8171875 0.55 0.0921875 0.28203125