15 0.52109375 0.47421875 0.57265625 0.875
14 0.3625 0.346875 0.2046875 0.384375
14 0.33828125 0.40234375 0.13046875 0.3078125
14 0.39609375 0.32265625 0.15859375 0.34140625
3 0.534375 0.2828125 0.17109375 0.3265625
3 0.4875 0.27578125 0.06875 0.309375
3 0.57421875 0.3078125 0.09140625 0.33125
7 0.68515625 0.40078125 0.1296875 0.3140625
7 0.6640625 0.378125 0.0953125 0.2453125
7 0.72578125 0.41953125 0.0484375 0.29140625
2 0.56171875 0.596875 0.225 0.21875
16 0.278125 0.521875 0.06796875 0.1546875
16 0.37890625 0.71875 0.1203125 0.26328125
16 0.58125 0.81484375 0.178125 0.18046875
16 0.709375 0.72890625 0.08671875 0.16875
16 0.778125 0.51640625 0.04453125 0.12890625
16 0.46953125 0.08203125 0.05703125 0.0875
16 0.578125 0.1078125 0.065625 0.071875