13 0.5328125 0.45859375 0.48359375 0.8203125
9 0.3375 0.36484375 0.1140625 0.278125
9 0.69140625 0.47421875 0.090625 0.24921875
6 0.4796875 0.5609375 0.175 0.33515625
6 0.4796875 0.79140625 0.1859375 0.13359375
6 0.33515625 0.5890625 0.06171875 0.1640625
6 0.45390625 0.20859375 0.0890625 0.0734375
6 0.5828125 0.2140625 0.1453125 0.08125
6 0.640625 0.36796875 0.09609375 0.21640625
6 0.55078125 0.425 0.0640625 0.27421875
1 0.52265625 0.09296875 0.1015625 0.1859375
1 0.50859375 0.2703125 0.04609375 0.084375
1 0.71171875 0.24375 0.059375 0.11171875