13 0.49296875 0.58046875 0.40859375 0.68046875
6 0.44921875 0.6640625 0.15625 0.2875
6 0.4921875 0.36484375 0.22421875 0.04765625
6 0.5703125 0.4890625 0.09609375 0.18515625
6 0.5125 0.54453125 0.05 0.20859375
6 0.453125 0.85078125 0.17734375 0.14453125
6 0.321875 0.6859375 0.04765625 0.1171875
9 0.32421875 0.49609375 0.0875 0.196875
9 0.628125 0.58203125 0.08515625 0.215625
1 0.48125 0.27109375 0.109375 0.14296875
1 0.47578125 0.42109375 0.0546875 0.0828125
1 0.6375 0.38671875 0.0609375 0.10078125