13 0.503125 0.4421875 0.55 0.884375
9 0.29609375 0.303125 0.121875 0.29375
9 0.6921875 0.378125 0.1109375 0.29375
1 0.7203125 0.12890625 0.0703125 0.1578125
1 0.50234375 0.0421875 0.13515625 0.08359375
1 0.475 0.17109375 0.0609375 0.07734375
6 0.4265625 0.11328125 0.11328125 0.059375
6 0.56171875 0.10859375 0.13671875 0.04609375
6 0.625 0.26875 0.13125 0.2484375
6 0.53203125 0.3515625 0.065625 0.28203125
6 0.45 0.50703125 0.20078125 0.346875
6 0.28046875 0.540625 0.06640625 0.18671875
6 0.4328125 0.7421875 0.20625 0.1296875