15 0.44609375 0.5 0.79375 1
14 0.23984375 0.34453125 0.246875 0.56640625
14 0.2640625 0.28046875 0.165625 0.37109375
14 0.2 0.42421875 0.16171875 0.41328125
2 0.49765625 0.69375 0.31328125 0.28828125
7 0.6703125 0.371875 0.15703125 0.42890625
7 0.64609375 0.371875 0.1359375 0.33359375
7 0.7203125 0.3703125 0.078125 0.3875
3 0.471875 0.25703125 0.25 0.46875
3 0.40546875 0.24296875 0.10234375 0.40625
3 0.534375 0.26640625 0.13984375 0.45
16 0.2609375 0.8265625 0.1875 0.3078125
16 0.13125 0.57734375 0.0828125 0.2234375
16 0.6078125 0.92734375 0.2921875 0.14296875
16 0.7015625 0.78515625 0.121875 0.3296875
16 0.81015625 0.52890625 0.0921875 0.25859375