15 0.4890625 0.353125 0.41640625 0.59296875
14 0.4046875 0.415625 0.225 0.234375
14 0.39140625 0.3546875 0.1734375 0.12734375
14 0.39609375 0.44375 0.1671875 0.04453125
14 0.40859375 0.49453125 0.1984375 0.11328125
16 0.65703125 0.32890625 0.08125 0.27109375
16 0.56484375 0.51640625 0.11484375 0.18671875
16 0.4390625 0.58515625 0.0984375 0.11328125
2 0.5828125 0.31484375 0.0734375 0.21875
3 0.4625 0.20625 0.1703125 0.18515625
3 0.44453125 0.24921875 0.1484375 0.1453125
3 0.47890625 0.1875 0.1390625 0.1546875
7 0.5515625 0.12265625 0.1328125 0.15625