13 0.60703125 0.53671875 0.57890625 0.9265625
9 0.3796875 0.43984375 0.1359375 0.3046875
9 0.81640625 0.62734375 0.08984375 0.25859375
1 0.82421875 0.32578125 0.06875 0.14453125
1 0.5984375 0.12578125 0.15078125 0.2515625
1 0.596875 0.32265625 0.05 0.075
6 0.5390625 0.25078125 0.11796875 0.07890625
6 0.703125 0.30078125 0.184375 0.1
6 0.75859375 0.47265625 0.11640625 0.22578125
6 0.65546875 0.53671875 0.103125 0.31875
6 0.578125 0.68359375 0.21875 0.4421875
6 0.38515625 0.72265625 0.090625 0.21640625
6 0.56328125 0.9421875 0.2046875 0.11484375