13 0.47109375 0.54609375 0.421875 0.740625
1 0.46875 0.18359375 0.1078125 0.18359375
1 0.6359375 0.28515625 0.0390625 0.13359375
1 0.43671875 0.3578125 0.053125 0.0671875
6 0.4109375 0.31015625 0.06328125 0.0328125
6 0.53203125 0.29296875 0.1609375 0.05234375
6 0.5390625 0.41875 0.10859375 0.21796875
6 0.46328125 0.48671875 0.05546875 0.22734375
6 0.3953125 0.625 0.1515625 0.28125
6 0.36875 0.80546875 0.14375 0.09609375
6 0.2890625 0.6515625 0.059375 0.15078125
9 0.2953125 0.4703125 0.08828125 0.2203125
9 0.5859375 0.49765625 0.09140625 0.24140625