15 0.50703125 0.42265625 0.57421875 0.8453125
14 0.6671875 0.42109375 0.16796875 0.5109375
14 0.63203125 0.43359375 0.10859375 0.51484375
14 0.7078125 0.43203125 0.08203125 0.48125
16 0.33125 0.534375 0.13125 0.3
16 0.42265625 0.6734375 0.14609375 0.23359375
7 0.31484375 0.17109375 0.178125 0.3421875
7 0.34296875 0.16796875 0.190625 0.240625
3 0.46484375 0.30390625 0.19921875 0.35078125
3 0.43984375 0.2984375 0.13125 0.28515625
3 0.53046875 0.34921875 0.10390625 0.31640625
14 0.52734375 0.58984375 0.078125 0.13203125
2 0.5203125 0.05078125 0.228125 0.10078125