15 0.590625 0.37109375 0.4875 0.7421875
14 0.72421875 0.38125 0.134375 0.41015625
14 0.6984375 0.4125 0.10703125 0.43203125
14 0.7625 0.38203125 0.09609375 0.4375
16 0.43359375 0.51640625 0.09296875 0.28671875
16 0.52578125 0.5953125 0.11328125 0.23125
3 0.56015625 0.31796875 0.18203125 0.27578125
3 0.52890625 0.2984375 0.1125 0.28515625
3 0.60625 0.33125 0.07890625 0.26484375
14 0.61171875 0.546875 0.075 0.1265625
7 0.43984375 0.221875 0.171875 0.365625
2 0.58671875 0.0609375 0.19140625 0.12109375