15 0.6734375 0.5 0.59609375 1
14 0.87578125 0.63125 0.12734375 0.575
14 0.84453125 0.6421875 0.096875 0.53515625
14 0.9015625 0.6390625 0.08671875 0.5203125
16 0.58984375 0.88984375 0.278125 0.2203125
16 0.52265625 0.6625 0.1375 0.29609375
16 0.6265625 0.03515625 0.24921875 0.06953125
2 0.73046875 0.16171875 0.21640625 0.18359375
3 0.70234375 0.50078125 0.175 0.40625
3 0.76484375 0.53828125 0.08984375 0.396875
3 0.6625 0.4859375 0.12734375 0.33984375
7 0.5296875 0.3015625 0.23671875 0.396875
7 0.56015625 0.334375 0.18515625 0.30546875
7 0.4953125 0.29609375 0.16796875 0.396875