15 0.49453125 0.453125 0.428125 0.65859375
14 0.47890625 0.61953125 0.203125 0.3265625
14 0.4515625 0.5671875 0.17421875 0.24375
14 0.49609375 0.65390625 0.16953125 0.25703125
3 0.4546875 0.3828125 0.1578125 0.20234375
3 0.45625 0.32734375 0.15859375 0.090625
3 0.4546875 0.42421875 0.175 0.0765625
14 0.37109375 0.50234375 0.06328125 0.0890625
2 0.59140625 0.35859375 0.09375 0.2421875
7 0.4890625 0.2265625 0.16640625 0.140625
16 0.625 0.23671875 0.0609375 0.09921875
16 0.66953125 0.38046875 0.07109375 0.17890625
16 0.63125 0.5859375 0.08671875 0.215625
16 0.56640625 0.7328125 0.0828125 0.1671875
16 0.3515625 0.36953125 0.08359375 0.26953125