13 0.425 0.53125 0.53359375 0.88515625
9 0.209375 0.41875 0.1109375 0.25546875
9 0.596875 0.48046875 0.13515625 0.3265625
6 0.346875 0.61484375 0.1890625 0.36328125
6 0.2015625 0.64453125 0.059375 0.18046875
6 0.3234375 0.85078125 0.1921875 0.11484375
6 0.4265625 0.475 0.0859375 0.26328125
6 0.53359375 0.3609375 0.1171875 0.2375
6 0.3546875 0.2328125 0.090625 0.05234375
6 0.50625 0.22265625 0.1625 0.04765625
1 0.6453125 0.2171875 0.07109375 0.15625
1 0.4 0.3046875 0.075 0.0859375
1 0.43515625 0.0984375 0.1140625 0.17890625