17 0.46953125 0.47109375 0.375 0.67578125
11 0.578125 0.21953125 0.07265625 0.11796875
11 0.49609375 0.39765625 0.14140625 0.21875
12 0.49140625 0.1796875 0.0203125 0.04140625
12 0.43046875 0.30390625 0.07265625 0.096875
12 0.3890625 0.43671875 0.05625 0.19921875
12 0.33046875 0.5234375 0.06328125 0.28984375
12 0.4703125 0.66328125 0.228125 0.26015625
12 0.584375 0.4453125 0.0359375 0.234375
16 0.634375 0.45390625 0.0671875 0.246875
16 0.33828125 0.30546875 0.10625 0.1421875
16 0.4359375 0.2015625 0.09140625 0.10234375