15 0.51328125 0.4796875 0.359375 0.65234375
14 0.47109375 0.6234375 0.21328125 0.3125
14 0.44609375 0.58671875 0.1734375 0.2265625
14 0.49375 0.6671875 0.1625 0.228125
2 0.57734375 0.36875 0.078125 0.234375
3 0.4453125 0.38671875 0.1546875 0.18203125
3 0.446875 0.35078125 0.14296875 0.0953125
3 0.44765625 0.446875 0.146875 0.075
7 0.484375 0.2328125 0.13359375 0.12890625
16 0.6265625 0.59296875 0.1109375 0.25703125
16 0.353125 0.38046875 0.06484375 0.21015625
16 0.65546875 0.34375 0.0609375 0.228125