15 0.51484375 0.4953125 0.38984375 0.68203125
16 0.51796875 0.75859375 0.19140625 0.15625
16 0.35546875 0.4984375 0.06171875 0.36796875
16 0.40703125 0.65625 0.05078125 0.12890625
14 0.43515625 0.3375 0.11015625 0.2703125
14 0.4609375 0.30546875 0.059375 0.23515625
14 0.4046875 0.33515625 0.046875 0.21484375
3 0.54765625 0.40078125 0.121875 0.27578125
3 0.57421875 0.41875 0.06953125 0.22421875
3 0.52109375 0.3484375 0.06796875 0.196875
7 0.628125 0.55625 0.13515625 0.19296875
7 0.61484375 0.52578125 0.1125 0.13203125
7 0.65390625 0.5609375 0.090625 0.18359375
2 0.49140625 0.5984375 0.159375 0.16015625
14 0.53671875 0.22890625 0.03984375 0.05703125