15 0.50234375 0.5375 0.43359375 0.7625
16 0.34375 0.64921875 0.10234375 0.22421875
16 0.42421875 0.78515625 0.10078125 0.165625
16 0.5375 0.8390625 0.09296875 0.1078125
16 0.665625 0.5078125 0.10234375 0.1484375
16 0.659375 0.35234375 0.0546875 0.1375
16 0.40859375 0.1921875 0.0453125 0.08828125
16 0.3234375 0.4015625 0.05546875 0.228125
2 0.4109375 0.51875 0.1109375 0.27578125
7 0.5609375 0.61640625 0.18203125 0.125
7 0.58046875 0.71328125 0.18515625 0.09296875
3 0.55703125 0.46640625 0.16953125 0.190625
3 0.54765625 0.36328125 0.134375 0.10859375
14 0.49375 0.24296875 0.190625 0.2078125