11 0.33671875 0.56796875 0.14375 0.23984375
12 0.7515625 0.54921875 0.1421875 0.459375
12 0.5890625 0.20390625 0.20546875 0.27890625
16 0.57109375 0.8125 0.36171875 0.34765625
11 0.5578125 0.4546875 0.23515625 0.2546875
12 0.41484375 0.353125 0.07734375 0.15234375
12 0.7125 0.1234375 0.065625 0.10625
12 0.5875 0.6421875 0.10703125 0.1296875
12 0.49453125 0.2515625 0.0859375 0.1390625
16 0.39375 0.66328125 0.11484375 0.22734375
16 0.359375 0.221875 0.10546875 0.2484375
12 0.4875 0.65625 0.06015625 0.07421875
16 0.5140625 0.765625 0.09140625 0.12890625
12 0.50546875 0.115625 0.04140625 0.0578125
12 0.5765625 0.1078125 0.07421875 0.096875
12 0.4078125 0.14921875 0.0296875 0.0609375
12 0.50234375 0.4359375 0.0953125 0.134375
12 0.5375 0.184375 0.0390625 0.0625
12 0.6109375 0.73359375 0.0359375 0.1078125
16 0.45546875 0.1328125 0.08515625 0.140625
12 0.63359375 0.103125 0.0359375 0.0515625
16 0.4578125 0.61171875 0.05390625 0.0984375
16 0.4203125 0.5171875 0.0390625 0.11953125
12 0.4671875 0.2484375 0.028125 0.04453125
16 0.44375 0.09375 0.0359375 0.06484375
16 0.37109375 0.15703125 0.0390625 0.06875
12 0.696875 0.7125 0.0234375 0.0640625
16 0.42890625 0.1109375 0.03046875 0.06171875
12 0.48828125 0.47109375 0.02421875 0.0390625
16 0.35703125 0.19609375 0.02734375 0.06875
12 0.5765625 0.38203125 0.0203125 0.034375
16 0.43984375 0.1375 0.03203125 0.0515625
12 0.5515625 0.24140625 0.0640625 0.09453125
16 0.40234375 0.1859375 0.025 0.04453125
11 0.30234375 0.58984375 0.0640625 0.08515625
16 0.4546875 0.29375 0.02421875 0.0515625
12 0.68984375 0.1625 0.03125 0.03984375
12 0.40390625 0.46328125 0.05078125 0.115625
16 0.49375 0.90234375 0.02890625 0.07109375
17 0.57578125 0.5171875 0.53828125 0.9546875