15 0.509375 0.58125 0.4015625 0.61328125
14 0.62734375 0.49140625 0.1375 0.27734375
14 0.615625 0.5234375 0.1328125 0.21171875
14 0.64453125 0.475 0.1390625 0.23671875
3 0.54921875 0.55859375 0.071875 0.2640625
3 0.4890625 0.5859375 0.08203125 0.21953125
7 0.4171875 0.59765625 0.046875 0.24453125
7 0.37890625 0.64140625 0.04375 0.271875
16 0.5296875 0.7796875 0.19765625 0.14453125
16 0.42265625 0.3296875 0.05859375 0.1
16 0.35625 0.43046875 0.06875 0.1390625
16 0.328125 0.6265625 0.0484375 0.21015625
16 0.5546875 0.3078125 0.05703125 0.075
2 0.4515625 0.3859375 0.12421875 0.16015625