15 0.51875 0.4890625 0.37265625 0.665625
16 0.36796875 0.57421875 0.08515625 0.2
16 0.49765625 0.7515625 0.20390625 0.16171875
16 0.64765625 0.36640625 0.06640625 0.1890625
7 0.63515625 0.56171875 0.14609375 0.20390625
7 0.61640625 0.53125 0.12421875 0.15078125
7 0.65234375 0.5765625 0.10390625 0.2
2 0.49140625 0.59921875 0.15703125 0.16171875
3 0.55 0.4 0.11875 0.2515625
3 0.5203125 0.36953125 0.078125 0.1984375
3 0.57578125 0.42578125 0.07734375 0.1890625
14 0.43984375 0.3328125 0.11484375 0.271875
14 0.40234375 0.3328125 0.05078125 0.228125
14 0.46015625 0.3265625 0.05390625 0.25546875