13 0.4921875 0.4890625 0.39296875 0.70234375
1 0.49765625 0.20390625 0.08984375 0.175
1 0.6484375 0.32421875 0.04140625 0.10234375
1 0.47265625 0.34296875 0.05390625 0.06328125
6 0.44140625 0.64765625 0.17578125 0.409375
6 0.33046875 0.59296875 0.0609375 0.1375
6 0.50390625 0.4875 0.0609375 0.1984375
6 0.56875 0.42421875 0.07421875 0.1578125
6 0.50078125 0.2921875 0.20234375 0.06171875
9 0.61015625 0.51796875 0.08125 0.1875
9 0.328125 0.42578125 0.071875 0.21171875
6 0.44140625 0.76328125 0.16171875 0.13515625