13 0.6046875 0.5 0.6171875 1
9 0.3734375 0.3546875 0.15078125 0.390625
9 0.8453125 0.609375 0.0875 0.27265625
1 0.6109375 0.07734375 0.1421875 0.1546875
1 0.62421875 0.23515625 0.06875 0.11171875
1 0.84140625 0.240625 0.0703125 0.11328125
6 0.37734375 0.7234375 0.11484375 0.3046875
6 0.6046875 0.65703125 0.22109375 0.5421875
6 0.70078125 0.50078125 0.0890625 0.3921875
6 0.80390625 0.41796875 0.1171875 0.27265625
6 0.54921875 0.12109375 0.12578125 0.12890625
6 0.70859375 0.19453125 0.1484375 0.11640625
6 0.60234375 0.97109375 0.22421875 0.0578125