15 0.3546875 0.5 0.70859375 1
14 0.0875 0.35546875 0.17421875 0.60078125
14 0.0984375 0.2859375 0.13046875 0.40625
3 0.27265625 0.24140625 0.2390625 0.4828125
3 0.203125 0.228125 0.11484375 0.44765625
3 0.33515625 0.24140625 0.13125 0.4828125
7 0.496875 0.27109375 0.2109375 0.5421875
7 0.4625 0.25703125 0.13125 0.4625
7 0.54921875 0.265625 0.096875 0.53125
2 0.31796875 0.6671875 0.2765625 0.33515625
16 0.13203125 0.8296875 0.121875 0.3015625
16 0.56015625 0.70703125 0.11796875 0.234375
16 0.415625 0.84609375 0.15703125 0.2953125
16 0.6515625 0.35859375 0.103125 0.315625