13 0.48203125 0.60703125 0.41171875 0.684375
9 0.3046875 0.52265625 0.0828125 0.196875
9 0.61015625 0.60625 0.0734375 0.17890625
6 0.43359375 0.68203125 0.15234375 0.27421875
6 0.4328125 0.88359375 0.196875 0.1703125
6 0.3046875 0.71015625 0.0515625 0.12109375
6 0.49296875 0.57265625 0.05546875 0.196875
6 0.56640625 0.51015625 0.07265625 0.1640625
6 0.41328125 0.3828125 0.0703125 0.0515625
6 0.5234375 0.38125 0.128125 0.05625
1 0.6328125 0.39921875 0.05703125 0.11328125
1 0.446875 0.43359375 0.053125 0.06796875
1 0.471875 0.27578125 0.08671875 0.15