13 0.48203125 0.58984375 0.4046875 0.7078125
9 0.3078125 0.50703125 0.078125 0.2078125
9 0.60859375 0.58984375 0.0921875 0.19453125
6 0.56796875 0.50078125 0.0828125 0.1640625
6 0.42890625 0.6640625 0.14453125 0.26015625
6 0.49375 0.553125 0.05390625 0.2140625
6 0.41015625 0.37734375 0.07890625 0.06953125
6 0.52265625 0.38046875 0.140625 0.059375
6 0.43828125 0.8578125 0.16640625 0.15078125
6 0.31875 0.690625 0.0546875 0.11328125
1 0.46796875 0.2703125 0.09609375 0.16015625
1 0.45859375 0.421875 0.04609375 0.0515625
1 0.6296875 0.3984375 0.053125 0.11171875