15 0.54609375 0.49921875 0.80234375 0.9984375
14 0.33828125 0.14609375 0.2453125 0.2921875
14 0.37421875 0.096875 0.1015625 0.19375
14 0.328125 0.13984375 0.240625 0.2796875
14 0.49765625 0.109375 0.15078125 0.21875
14 0.46875 0.0578125 0.09140625 0.115625
3 0.64296875 0.1203125 0.23046875 0.23984375
3 0.58046875 0.06953125 0.10234375 0.1390625
3 0.69375 0.1140625 0.13359375 0.228125
7 0.83046875 0.19375 0.15 0.38671875
7 0.81484375 0.14140625 0.1109375 0.2828125
7 0.878125 0.27890625 0.06484375 0.26953125
2 0.684375 0.41015625 0.31953125 0.3140625
16 0.21171875 0.2203125 0.12265625 0.309375
16 0.33125 0.56171875 0.1609375 0.49453125
16 0.6828125 0.72265625 0.2109375 0.33984375
16 0.85234375 0.603125 0.11171875 0.27734375