13 0.365625 0.465625 0.503125 0.93125
1 0.3609375 0.0734375 0.14296875 0.146875
1 0.5546875 0.096875 0.06875 0.175
1 0.32265625 0.21953125 0.08046875 0.07578125
6 0.29609375 0.1703125 0.08203125 0.05625
6 0.4359375 0.12578125 0.19296875 0.07109375
6 0.43828125 0.2734375 0.11953125 0.26953125
6 0.340625 0.39296875 0.0625 0.253125
6 0.25625 0.56171875 0.18125 0.3703125
9 0.15546875 0.375 0.0921875 0.28515625
9 0.496875 0.40625 0.12421875 0.32421875
6 0.1453125 0.61875 0.06640625 0.1828125
6 0.228125 0.79375 0.15859375 0.1171875