15 0.35390625 0.5 0.7078125 1
14 0.0796875 0.56953125 0.159375 0.6921875
14 0.0921875 0.55390625 0.1421875 0.4796875
14 0.128125 0.2015625 0.08046875 0.17890625
3 0.2765625 0.478125 0.253125 0.50859375
3 0.19609375 0.47734375 0.1203125 0.4828125
3 0.33359375 0.4515625 0.15078125 0.51796875
7 0.52109375 0.47890625 0.1828125 0.58671875
7 0.47109375 0.49921875 0.08515625 0.51171875
7 0.56953125 0.48828125 0.0875 0.58203125
2 0.35546875 0.87734375 0.28046875 0.24453125
16 0.31015625 0.1 0.3703125 0.2
16 0.56953125 0.88671875 0.13984375 0.2265625
16 0.2 0.8984375 0.13359375 0.203125