15 0.51953125 0.41484375 0.4953125 0.8296875
14 0.63828125 0.4671875 0.15078125 0.44140625
14 0.6140625 0.47265625 0.1015625 0.4546875
14 0.67890625 0.45703125 0.1 0.44921875
16 0.3390625 0.55703125 0.08125 0.296875
16 0.415625 0.5796875 0.09296875 0.1296875
16 0.46796875 0.696875 0.04609375 0.196875
3 0.47890625 0.36484375 0.171875 0.33125
3 0.446875 0.34296875 0.11875 0.3109375
3 0.52109375 0.3859375 0.0875 0.29921875
14 0.51640625 0.61640625 0.06796875 0.125
7 0.34921875 0.2515625 0.1796875 0.353125
7 0.3609375 0.26953125 0.16953125 0.2984375
7 0.31953125 0.2375 0.1046875 0.26796875
2 0.509375 0.1078125 0.20703125 0.146875
16 0.6703125 0.18046875 0.0890625 0.1375