17 0.33046875 0.5 0.6609375 1
11 0.178125 0.315625 0.26015625 0.35234375
11 0.025 0.60390625 0.05 0.25390625
12 0.040625 0.1546875 0.04140625 0.10078125
12 0.3578125 0.06015625 0.5 0.1203125
12 0.48359375 0.35703125 0.353125 0.475
12 0.19453125 0.58125 0.2296875 0.240625
12 0.1765625 0.04765625 0.06015625 0.08671875
12 0.1015625 0.64140625 0.08984375 0.140625
12 0.11640625 0.12578125 0.0859375 0.128125
12 0.34609375 0.26875 0.046875 0.1078125
12 0.4234375 0.29453125 0.09296875 0.134375
16 0.07734375 0.75625 0.0953125 0.159375
12 0.60703125 0.28359375 0.0734375 0.1625
12 0.49765625 0.021875 0.04453125 0.04375
12 0.27734375 0.10859375 0.21875 0.209375
12 0.61796875 0.228125 0.04140625 0.090625
12 0.58046875 0.2421875 0.0515625 0.06796875
12 0.4375 0.16640625 0.1078125 0.159375
12 0.3265625 0.0328125 0.046875 0.06171875
12 0.09609375 0.1203125 0.04296875 0.07265625
12 0.26484375 0.0359375 0.040625 0.06171875
12 0.0953125 0.85078125 0.078125 0.1234375
12 0.2875 0.02265625 0.040625 0.0453125
16 0.02421875 0.3484375 0.0453125 0.2609375
12 0.08203125 0.340625 0.1046875 0.16015625
12 0.14921875 0.54140625 0.0328125 0.04921875
12 0.36640625 0.0203125 0.0328125 0.0359375
12 0.221875 0.0203125 0.03671875 0.040625
12 0.03046875 0.3171875 0.0203125 0.04140625
12 0.065625 0.38671875 0.02578125 0.0421875
12 0.228125 0.18828125 0.03828125 0.06328125
12 0.03984375 0.29765625 0.02421875 0.0421875
16 0.18203125 0.86484375 0.065625 0.0453125
12 0.03984375 0.09921875 0.021875 0.03359375
12 0.01640625 0.38828125 0.01484375 0.040625
12 0.2796875 0.0421875 0.0796875 0.07890625
16 0.38203125 0.79453125 0.4390625 0.35390625
12 0.25078125 0.0140625 0.04296875 0.028125
12 0.1609375 0.621875 0.03125 0.03984375