15 0.525 0.515625 0.37109375 0.6890625
14 0.4359375 0.33984375 0.10546875 0.25
14 0.46328125 0.31328125 0.05078125 0.2078125
14 0.40546875 0.3453125 0.04453125 0.2390625
16 0.35859375 0.40546875 0.03984375 0.134375
16 0.37265625 0.6 0.078125 0.240625
16 0.5125 0.771875 0.21484375 0.16171875
16 0.65 0.38984375 0.06484375 0.209375
7 0.63671875 0.584375 0.134375 0.2171875
7 0.625 0.5453125 0.12734375 0.14140625
7 0.66015625 0.58203125 0.09375 0.19296875
2 0.49609375 0.6109375 0.15 0.16328125
3 0.55390625 0.4125 0.11953125 0.27421875
3 0.52890625 0.371875 0.08046875 0.21484375
3 0.5796875 0.42890625 0.08046875 0.23359375
14 0.54296875 0.2359375 0.04140625 0.06796875