13 0.334375 0.5 0.653125 1
6 0.359375 0.43359375 0.134375 0.384375
6 0.2625 0.64453125 0.28515625 0.4171875
6 0.265625 0.9234375 0.2546875 0.153125
6 0.4703125 0.30546875 0.1234375 0.3140625
6 0.2265625 0.1359375 0.14453125 0.08828125
6 0.4171875 0.11328125 0.23671875 0.075
1 0.3171875 0.0609375 0.17265625 0.121875
1 0.2875 0.21171875 0.1 0.11171875
1 0.58125 0.11875 0.08359375 0.19296875
9 0.06171875 0.39140625 0.10859375 0.39921875
9 0.56171875 0.45078125 0.1234375 0.37421875
6 0.078125 0.709375 0.06328125 0.215625