15 0.56015625 0.57265625 0.334375 0.59375
14 0.64609375 0.6140625 0.1125 0.29375
14 0.63046875 0.6140625 0.06015625 0.25703125
14 0.67578125 0.603125 0.078125 0.29765625
16 0.45546875 0.66796875 0.06875 0.16328125
16 0.52265625 0.78515625 0.08046875 0.165625
16 0.5296875 0.290625 0.13828125 0.06953125
2 0.55625 0.38671875 0.12265625 0.0828125
7 0.4515625 0.46953125 0.10078125 0.2375
7 0.46953125 0.4640625 0.084375 0.18203125
7 0.415625 0.4578125 0.07734375 0.17265625
3 0.52890625 0.55625 0.1125 0.24453125
3 0.5625 0.57109375 0.05390625 0.2296875
3 0.5140625 0.5453125 0.05703125 0.196875