13 0.49453125 0.42421875 0.5015625 0.8484375
6 0.446875 0.5046875 0.16640625 0.3375
6 0.4421875 0.74765625 0.18984375 0.15859375
6 0.290625 0.51640625 0.05859375 0.146875
6 0.43671875 0.15 0.0890625 0.0640625
6 0.56796875 0.165625 0.1640625 0.084375
6 0.6171875 0.31875 0.1015625 0.18125
6 0.5265625 0.38671875 0.05859375 0.2453125
1 0.4890625 0.07109375 0.13828125 0.14140625
1 0.4765625 0.203125 0.0546875 0.07734375
1 0.68828125 0.19609375 0.071875 0.1296875
9 0.66328125 0.42890625 0.07890625 0.2375
9 0.296875 0.30625 0.1234375 0.2453125