15 0.52890625 0.6140625 0.33125 0.6140625
14 0.53359375 0.7671875 0.18125 0.34765625
14 0.51015625 0.74296875 0.13984375 0.25703125
14 0.5578125 0.80546875 0.128125 0.2609375
14 0.428125 0.7171875 0.0375 0.084375
3 0.48984375 0.56328125 0.13125 0.20390625
3 0.4859375 0.5296875 0.14296875 0.11796875
3 0.49921875 0.61875 0.12109375 0.115625
7 0.48515625 0.396875 0.14140625 0.12109375
7 0.48984375 0.425 0.12734375 0.04375
16 0.39453125 0.59453125 0.05625 0.3109375
16 0.63984375 0.41875 0.121875 0.15078125
16 0.66875 0.65 0.06875 0.178125
16 0.61640625 0.83828125 0.06484375 0.14375
2 0.60859375 0.4890625 0.08671875 0.19453125