15 0.4921875 0.4828125 0.73671875 0.965625
16 0.3203125 0.66015625 0.20625 0.3734375
16 0.19453125 0.42734375 0.1375 0.26640625
16 0.5953125 0.79609375 0.21796875 0.3046875
16 0.75234375 0.690625 0.10859375 0.3
16 0.84609375 0.4515625 0.09375 0.159375
14 0.31328125 0.21328125 0.2578125 0.42578125
14 0.27734375 0.25390625 0.1921875 0.34765625
14 0.3453125 0.1765625 0.18828125 0.33515625
3 0.5359375 0.17265625 0.23515625 0.3453125
3 0.4703125 0.146875 0.08515625 0.29375
3 0.578125 0.1609375 0.11875 0.321875
7 0.7203125 0.2734375 0.1671875 0.38125
2 0.54921875 0.50625 0.31171875 0.26796875
7 0.68828125 0.2390625 0.1203125 0.303125
7 0.75546875 0.28828125 0.0890625 0.35234375