15 0.54453125 0.584375 0.32109375 0.54765625
14 0.62734375 0.62578125 0.10390625 0.28125
14 0.603125 0.6390625 0.05625 0.2703125
14 0.65 0.62421875 0.0375 0.24453125
14 0.55234375 0.734375 0.03671875 0.0640625
16 0.44921875 0.709375 0.071875 0.1765625
16 0.50546875 0.7671875 0.06328125 0.1453125
16 0.63984375 0.43046875 0.06640625 0.09921875
3 0.52109375 0.5765625 0.10859375 0.2
3 0.54921875 0.60546875 0.05078125 0.1890625
3 0.50234375 0.56328125 0.06953125 0.20390625
7 0.44140625 0.50625 0.109375 0.21484375
2 0.54140625 0.41875 0.11796875 0.084375