17 0.48125 0.43984375 0.37734375 0.67734375
11 0.48125 0.4734375 0.15 0.21171875
11 0.63046875 0.496875 0.07578125 0.1609375
16 0.5703125 0.284375 0.0765625 0.18515625
16 0.47890625 0.18828125 0.090625 0.1625
16 0.53125 0.2765625 0.02578125 0.096875
12 0.3921875 0.27734375 0.084375 0.18046875
12 0.47421875 0.3140625 0.09609375 0.0921875
12 0.61796875 0.3546875 0.03125 0.04140625
12 0.35234375 0.50625 0.09140625 0.4515625
12 0.4203125 0.63359375 0.06171875 0.246875
12 0.47578125 0.65390625 0.05390625 0.2296875
12 0.5203125 0.6734375 0.03359375 0.18515625
12 0.56171875 0.6 0.0390625 0.09375
16 0.571875 0.7046875 0.0625 0.12265625
16 0.49375 0.721875 0.059375 0.0921875