13 0.534375 0.64140625 0.59609375 0.7171875
9 0.28515625 0.75390625 0.15546875 0.39140625
9 0.74453125 0.85390625 0.08046875 0.25625
1 0.75859375 0.51796875 0.09296875 0.15625
1 0.5296875 0.33046875 0.16953125 0.25859375
1 0.51484375 0.57109375 0.0765625 0.08671875
6 0.5390625 0.50546875 0.36015625 0.084375
6 0.5796875 0.79921875 0.0890625 0.31640625
6 0.6828125 0.70703125 0.10078125 0.23515625
6 0.4796875 0.9109375 0.19609375 0.178125
6 0.2984375 0.96953125 0.075 0.0609375
6 0.4765625 0.803125 0.11171875 0.11171875