1 0.5109375 0.27890625 0.1109375 0.1875
1 0.6703125 0.38515625 0.06328125 0.121875
1 0.5 0.42109375 0.05390625 0.0671875
9 0.346875 0.5078125 0.084375 0.1984375
9 0.66171875 0.59140625 0.071875 0.221875
6 0.51328125 0.37578125 0.22109375 0.0421875
6 0.48359375 0.671875 0.16328125 0.271875
6 0.53046875 0.553125 0.07421875 0.2203125
6 0.6078125 0.49765625 0.10234375 0.18125
6 0.47890625 0.865625 0.19453125 0.1421875
6 0.35390625 0.69453125 0.0703125 0.12890625
13 0.515625 0.59453125 0.4171875 0.70546875