15 0.490625 0.51875 0.3296875 0.60234375
2 0.434375 0.39765625 0.06484375 0.19765625
3 0.56796875 0.53671875 0.128125 0.18515625
3 0.56796875 0.48671875 0.1109375 0.10234375
3 0.56484375 0.5953125 0.10078125 0.0875
7 0.51875 0.71796875 0.128125 0.13359375
14 0.55234375 0.3203125 0.17109375 0.19921875
14 0.52265625 0.26015625 0.16328125 0.0890625
14 0.5734375 0.38359375 0.13203125 0.084375
16 0.40390625 0.26640625 0.065625 0.12578125
16 0.36953125 0.54140625 0.07265625 0.4703125
16 0.42265625 0.675 0.0515625 0.25859375