13 0.45 0.62890625 0.4765625 0.4609375
13 0.7046875 0.1828125 0.25390625 0.1734375
1 0.471875 0.5640625 0.09453125 0.11484375
1 0.4328125 0.53359375 0.09609375 0.0921875
1 0.69765625 0.23828125 0.0375 0.034375
1 0.73125 0.23671875 0.02890625 0.0359375
6 0.5977182546875001 0.1696428578125 0.6777033734375 0.23898313437500002 0.7025049609375 0.218486771875 0.6915922625 0.193362103125 0.6707589281249999 0.173527115625 0.6350446421875 0.1682377640625 0.5977182546875001 0.1696428578125
4 0.36024305624999997 0.7819325390625 0.37313988125 0.818983796875 0.3840525796875 0.8077437171874999 0.40190972187499996 0.8361742718749999 0.43167162656249997 0.8593151453125 0.4609375 0.8593151453125 0.4931795640625 0.8507199078125 0.5155009921875 0.8203058859375 0.5283978171875 0.7482384265625 0.52393353125 0.6979890875 0.4971478171875 0.6708812828124999 0.46292162656249997 0.6398062171875 0.420262896875 0.6199709 0.3805803578125 0.602119378125 0.3726438484375 0.5710443125 0.3592509921875 0.536001984375 0.333457340625 0.5088941796875 0.3180803578125 0.50162103125 0.301711309375 0.5108776453125 0.29228670625 0.5214563484375 0.2942708328125 0.5419527109375 0.275917659375 0.5615079359374999 0.270957340625 0.589531415625 0.3007192453125 0.5928373015624999 0.3309771828125 0.6067218921875 0.345362103125 0.647053571875 0.3433779765625 0.692674271875 0.36024305624999997 0.7819325390625
9 0.609375 0.5890625 0.07734375 0.17734375
9 0.56171875 0.63125 0.0625 0.11640625
9 0.7390625 0.1921875 0.1015625 0.04453125
9 0.74921875 0.14765625 0.0734375 0.05859375