13 0.6796875 0.3421875 0.44765625 0.67578125
13 0.26171875 0.76640625 0.32578125 0.4671875
1 0.4984375 0.45546875 0.08125 0.1578125
1 0.59375 0.54609375 0.12421875 0.14453125
1 0.63984375 0.64375 0.06875 0.115625
1 0.3078125 0.9671875 0.103125 0.06484375
1 0.36640625 0.90234375 0.0390625 0.096875
4 0.29375 0.69453125 0.24140625 0.29375
6 0.57734375 0.046875 0.08671875 0.08046875
6 0.6125 0.10859375 0.0796875 0.1484375
6 0.78515625 0.290625 0.1984375 0.58125
9 0.53125 0.31171875 0.08984375 0.14609375
9 0.5703125 0.20234375 0.1265625 0.23359375
9 0.1796875 0.96875 0.05546875 0.0625