13 0.5171875 0.44375 0.3828125 0.66640625
9 0.39140625 0.43359375 0.1296875 0.1703125
9 0.3875 0.5859375 0.12734375 0.1546875
1 0.40390625 0.7359375 0.15625 0.15390625
1 0.50859375 0.74375 0.1109375 0.21171875
1 0.5890625 0.77734375 0.065625 0.21015625
6 0.61484375 0.40859375 0.26640625 0.659375
6 0.35703125 0.2234375 0.14609375 0.2125
6 0.39296875 0.30625 0.08984375 0.096875
6 0.50234375 0.49375 0.0859375 0.26484375
6 0.5390625 0.50703125 0.04296875 0.15234375
6 0.60703125 0.6703125 0.10703125 0.04609375