13 0.66171875 0.4203125 0.26015625 0.43671875
13 0.39296875 0.75390625 0.23984375 0.45
4 0.41328125 0.6453125 0.190625 0.19296875
9 0.5796875 0.4046875 0.0640625 0.0828125
9 0.33671875 0.88046875 0.0625 0.125
9 0.3921875 0.93046875 0.053125 0.10078125
9 0.6078125 0.33515625 0.071875 0.15078125
6 0.73125 0.409375 0.1171875 0.40078125
1 0.4421875 0.84921875 0.06875 0.11171875
1 0.56640625 0.4875 0.0921875 0.11171875
1 0.61640625 0.53671875 0.06484375 0.1078125
1 0.6390625 0.60234375 0.065625 0.071875