13 0.6265625 0.36328125 0.2734375 0.49609375
13 0.33828125 0.759375 0.25546875 0.48046875
6 0.5875 0.175 0.09921875 0.09296875
6 0.590625 0.24375 0.0546875 0.0828125
6 0.71171875 0.384375 0.13515625 0.43046875
6 0.62109375 0.3890625 0.12890625 0.11171875
9 0.56875 0.3046875 0.090625 0.1390625
9 0.53828125 0.38046875 0.05703125 0.096875
9 0.29140625 0.92421875 0.075 0.11796875
9 0.346875 0.95859375 0.05703125 0.0828125
4 0.36328125 0.65546875 0.20390625 0.18515625
1 0.3921875 0.8875 0.09375 0.0921875
1 0.5296875 0.48046875 0.08515625 0.1234375
1 0.5828125 0.52734375 0.071875 0.10390625
1 0.6171875 0.60234375 0.0625 0.084375