13 0.62265625 0.303125 0.40625 0.60625
13 0.2359375 0.71796875 0.29453125 0.56328125
4 0.2625 0.61640625 0.22109375 0.28515625
1 0.328125 0.79375 0.0390625 0.1140625
1 0.2859375 0.8984375 0.1 0.13515625
1 0.471875 0.39296875 0.10546875 0.171875
1 0.5296875 0.48046875 0.09765625 0.12578125
1 0.5796875 0.5828125 0.0859375 0.11015625
9 0.49140625 0.2625 0.08515625 0.13359375
9 0.5203125 0.1484375 0.10234375 0.20234375
9 0.17890625 0.9078125 0.0703125 0.140625
6 0.73359375 0.2796875 0.16171875 0.559375
6 0.59375 0.30625 0.16328125 0.1625
6 0.55859375 0.0796875 0.0796875 0.15859375