13 0.66796875 0.2390625 0.37265625 0.478125
13 0.3375 0.67578125 0.28359375 0.52421875
6 0.765625 0.1953125 0.1328125 0.384375
6 0.64375 0.2109375 0.14453125 0.16171875
9 0.58671875 0.10546875 0.10625 0.15078125
9 0.54921875 0.209375 0.075 0.125
1 0.5453125 0.33359375 0.0921875 0.12109375
1 0.6015625 0.39140625 0.10234375 0.1046875
1 0.65078125 0.465625 0.05625 0.09609375
1 0.37578125 0.80546875 0.08984375 0.10859375
9 0.26015625 0.84296875 0.06796875 0.1421875
9 0.315625 0.91171875 0.05546875 0.11171875
4 0.34453125 0.55 0.228125 0.23671875