13 0.66015625 0.3625 0.27109375 0.46484375
13 0.3875 0.69140625 0.25703125 0.45859375
9 0.33359375 0.81171875 0.06484375 0.1171875
9 0.3875 0.87109375 0.03828125 0.09609375
9 0.575 0.35078125 0.0671875 0.084375
9 0.6 0.2625 0.0703125 0.11796875
4 0.40625 0.59296875 0.1875 0.19296875
1 0.42890625 0.79375 0.08125 0.1171875
1 0.46328125 0.71484375 0.02265625 0.10625
1 0.55625 0.43515625 0.0671875 0.090625
1 0.60546875 0.490625 0.0921875 0.10625
1 0.6421875 0.55390625 0.06640625 0.0734375
6 0.734375 0.3453125 0.1125 0.35703125
6 0.628125 0.1640625 0.0953125 0.065625
6 0.65546875 0.3765625 0.1 0.09609375