13 0.2 0.65 0.365625 0.7
13 0.603125 0.27421875 0.475 0.5484375
4 0.22109375 0.53125 0.25703125 0.303125
9 0.47421875 0.14296875 0.1 0.146875
9 0.50859375 0.059375 0.1140625 0.11796875
9 0.12578125 0.86796875 0.07734375 0.15
1 0.25 0.8359375 0.1484375 0.14609375
1 0.45234375 0.26796875 0.11953125 0.16015625
1 0.52421875 0.3578125 0.12421875 0.15859375
1 0.575 0.471875 0.08125 0.121875
1 0.25546875 0.84296875 0.1171875 0.12578125
6 0.728125 0.21328125 0.18828125 0.4265625
6 0.58046875 0.1578125 0.17265625 0.1734375