13 0.5625 0.3828125 0.47265625 0.75546875
13 0.2359375 0.87734375 0.3421875 0.2453125
4 0.2375 0.92109375 0.3046875 0.15703125
9 0.453125 0.2734375 0.1296875 0.1796875
9 0.4203125 0.43984375 0.128125 0.16015625
1 0.43203125 0.58671875 0.14765625 0.1390625
1 0.5265625 0.6484375 0.10703125 0.18671875
1 0.59453125 0.709375 0.071875 0.1546875
6 0.4484375 0.0859375 0.1109375 0.171875
6 0.46796875 0.17890625 0.0890625 0.11171875
6 0.671875 0.31875 0.2421875 0.63671875
6 0.54921875 0.4046875 0.1453125 0.215625
6 0.653125 0.22421875 0.19296875 0.10234375
6 0.69765625 0.45390625 0.1 0.15859375
6 0.70546875 0.54921875 0.02578125 0.221875
6 0.6328125 0.6078125 0.08046875 0.03671875
6 0.76875 0.47109375 0.0390625 0.2859375
6 0.67734375 0.215625 0.01171875 0.253125
6 0.59375 0.1390625 0.0453125 0.11328125
6 0.6234375 0.06796875 0.1109375 0.0234375