13 0.34375 0.709375 0.2859375 0.5078125
13 0.63125 0.2984375 0.290625 0.5203125
4 0.36875 0.590625 0.196875 0.20234375
6 0.72578125 0.2828125 0.12734375 0.41328125
1 0.38984375 0.8046875 0.09765625 0.1078125
1 0.5359375 0.409375 0.08046875 0.10625
1 0.5859375 0.44921875 0.07265625 0.096875
1 0.625 0.51640625 0.05078125 0.07578125
1 0.39609375 0.81328125 0.0734375 0.09296875
9 0.29609375 0.8578125 0.075 0.1484375
9 0.34765625 0.89765625 0.0578125 0.09609375
9 0.57578125 0.2203125 0.075 0.12734375
9 0.55390625 0.3125 0.06484375 0.08671875