13 0.6640625 0.390625 0.22421875 0.41328125
13 0.39296875 0.7421875 0.22421875 0.4
4 0.4109375 0.63671875 0.18359375 0.1890625
9 0.5921875 0.35078125 0.0796875 0.19453125
9 0.34375 0.86953125 0.06953125 0.121875
9 0.39453125 0.91328125 0.03671875 0.06953125
1 0.44140625 0.8453125 0.07578125 0.090625
1 0.5703125 0.47734375 0.09140625 0.1140625
1 0.615625 0.54140625 0.084375 0.10078125
1 0.65234375 0.60234375 0.0515625 0.07578125
1 0.46875 0.76015625 0.021875 0.0890625
6 0.73671875 0.30234375 0.109375 0.20078125
6 0.7484375 0.4875 0.0953125 0.1875