13 0.24765625 0.740625 0.32734375 0.51796875
13 0.6453125 0.33046875 0.40078125 0.66015625
1 0.48359375 0.428125 0.1125 0.146875
1 0.5578125 0.5328125 0.14921875 0.165625
1 0.615625 0.6109375 0.06640625 0.121875
1 0.303125 0.96015625 0.10703125 0.0796875
9 0.1640625 0.953125 0.0625 0.0890625
9 0.50625 0.29375 0.08828125 0.1296875
9 0.5375 0.1640625 0.1015625 0.17578125
6 0.546875 0.03984375 0.1 0.0796875
6 0.60859375 0.31796875 0.18046875 0.17578125
6 0.72578125 0.196875 0.1640625 0.13359375
6 0.74453125 0.31484375 0.18046875 0.62265625