13 0.37734375 0.67265625 0.253125 0.4828125
13 0.66484375 0.32265625 0.2921875 0.50703125
4 0.4015625 0.5671875 0.19296875 0.20234375
9 0.58125 0.31484375 0.0671875 0.0921875
9 0.60625 0.23125 0.08828125 0.13125
9 0.31953125 0.80078125 0.0625 0.1
9 0.378125 0.85703125 0.0546875 0.10234375
1 0.42578125 0.7859375 0.06953125 0.09609375
1 0.5625 0.396875 0.078125 0.10234375
1 0.609375 0.45078125 0.06953125 0.09609375
1 0.63984375 0.52890625 0.0671875 0.07578125
6 0.74140625 0.31328125 0.11640625 0.38984375
6 0.6515625 0.34296875 0.12421875 0.1
6 0.6328125 0.1296875 0.1015625 0.075
6 0.74453125 0.42265625 0.06171875 0.0890625
6 0.734375 0.27421875 0.103125 0.08671875
6 0.6953125 0.184375 0.02265625 0.090625