13 0.634375 0.31484375 0.26796875 0.4640625
13 0.3359375 0.7171875 0.25546875 0.49609375
4 0.3640625 0.6109375 0.2015625 0.19921875
6 0.70703125 0.29609375 0.11015625 0.36640625
9 0.5703125 0.240625 0.08203125 0.12890625
9 0.54375 0.32421875 0.07265625 0.0921875
9 0.29609375 0.859375 0.07421875 0.1484375
9 0.3421875 0.91640625 0.053125 0.1046875
1 0.3875 0.82578125 0.090625 0.115625
1 0.53125 0.4171875 0.09296875 0.11328125
1 0.5921875 0.4609375 0.06328125 0.10234375
1 0.62109375 0.55078125 0.0609375 0.090625