13 0.31640625 0.65078125 0.30234375 0.51875
13 0.63125 0.2453125 0.334375 0.490625
9 0.5296875 0.21328125 0.0796875 0.11953125
9 0.26484375 0.8 0.0515625 0.14609375
9 0.31484375 0.846875 0.040625 0.12578125
9 0.56015625 0.1265625 0.08046875 0.140625
6 0.5609375 0.02109375 0.0703125 0.0421875
6 0.61640625 0.23515625 0.13046875 0.12890625
6 0.7265625 0.2109375 0.13125 0.42109375
4 0.3421875 0.5265625 0.21328125 0.2234375
1 0.375 0.76328125 0.08515625 0.121875
1 0.51171875 0.315625 0.09140625 0.10078125
1 0.57109375 0.375 0.09375 0.14609375
1 0.61875 0.44375 0.05859375 0.0921875