13 0.64765625 0.33984375 0.4578125 0.6796875
13 0.25546875 0.7296875 0.265625 0.540625
1 0.49765625 0.43203125 0.10625 0.146875
1 0.55703125 0.51640625 0.1015625 0.13359375
1 0.59921875 0.60546875 0.07734375 0.1
1 0.30546875 0.93046875 0.09453125 0.11171875
1 0.35546875 0.8203125 0.0328125 0.096875
4 0.2890625 0.64375 0.2265625 0.2890625
9 0.5078125 0.29375 0.0890625 0.12734375
9 0.5421875 0.18515625 0.096875 0.1890625
9 0.196875 0.93671875 0.071875 0.1265625
6 0.578125 0.02578125 0.0796875 0.0515625
6 0.58515625 0.1046875 0.0390625 0.12109375
6 0.728125 0.2015625 0.1484375 0.10859375
6 0.7734375 0.28984375 0.12109375 0.5796875
6 0.615625 0.3171875 0.171875 0.14296875