13 0.62890625 0.32265625 0.39296875 0.64453125
13 0.2625 0.72421875 0.28828125 0.55078125
4 0.2828125 0.621875 0.2203125 0.2875
6 0.73515625 0.25703125 0.1484375 0.5140625
9 0.5 0.284375 0.10390625 0.121875
9 0.5421875 0.165625 0.09453125 0.1890625
9 0.1890625 0.91484375 0.0859375 0.1703125
9 0.26171875 0.971875 0.05 0.05625
1 0.30625 0.91015625 0.10703125 0.146875
1 0.4875 0.4015625 0.1046875 0.146875
1 0.55234375 0.48671875 0.103125 0.12734375
1 0.59453125 0.58984375 0.08359375 0.11015625
6 0.6109375 0.3140625 0.15078125 0.1390625