5 0.30859375 0.65859375 0.4 0.603125
15 0.684375 0.46484375 0.24296875 0.45546875
14 0.65625 0.42109375 0.09609375 0.09921875
14 0.6390625 0.55390625 0.08671875 0.121875
3 0.65859375 0.3625 0.09921875 0.08125
7 0.6796875 0.31640625 0.14921875 0.09453125
8 0.7578125 0.5828125 0.07890625 0.10546875
8 0.70546875 0.64140625 0.08828125 0.1171875
8 0.1625 0.75859375 0.08125 0.21484375
1 0.240625 0.865625 0.08046875 0.12734375
10 0.27578125 0.5453125 0.23046875 0.3625
0 0.3796875 0.73125 0.1890625 0.34375