13 0.58203125 0.5265625 0.559375 0.8875
1 0.784375 0.2484375 0.08125 0.15234375
1 0.5703125 0.10234375 0.13359375 0.20234375
1 0.546875 0.26640625 0.08671875 0.07890625
6 0.509375 0.22421875 0.10078125 0.06328125
6 0.6296875 0.2234375 0.15078125 0.04765625
6 0.70078125 0.37109375 0.1171875 0.221875
6 0.5953125 0.44765625 0.0859375 0.2703125
6 0.51484375 0.58359375 0.2 0.37421875
6 0.48359375 0.8328125 0.23515625 0.146875
6 0.35 0.61328125 0.06015625 0.17890625
9 0.35390625 0.38984375 0.10859375 0.24921875
9 0.7484375 0.49296875 0.11875 0.2609375