9 0.3640625 0.40625 0.09921875 0.21953125
9 0.675 0.51796875 0.05703125 0.20859375
1 0.7046875 0.31171875 0.06015625 0.09609375
1 0.5375 0.15703125 0.1109375 0.19296875
1 0.528125 0.321875 0.05390625 0.07109375
6 0.5375 0.26953125 0.24375 0.07578125
6 0.4828125 0.56796875 0.146875 0.26953125
6 0.54921875 0.4671875 0.05859375 0.2046875
6 0.62734375 0.4140625 0.103125 0.15390625
6 0.48515625 0.7875 0.1640625 0.16640625
6 0.3609375 0.5859375 0.06875 0.1234375
13 0.5328125 0.490625 0.40078125 0.715625