13 0.503125 0.58984375 0.425 0.68515625
9 0.33125 0.50078125 0.08984375 0.20078125
9 0.628125 0.57421875 0.0828125 0.21171875
1 0.65078125 0.37421875 0.065625 0.1234375
1 0.490625 0.26328125 0.08125 0.1640625
1 0.47421875 0.40703125 0.0390625 0.05234375
6 0.43984375 0.36953125 0.08984375 0.04296875
6 0.54453125 0.3671875 0.1234375 0.04296875
6 0.50625 0.54296875 0.0671875 0.20390625
6 0.578125 0.484375 0.071875 0.1703125
6 0.4484375 0.65546875 0.15625 0.27734375
6 0.3296875 0.6828125 0.05078125 0.13125
6 0.4390625 0.8328125 0.13828125 0.0890625