15 0.4921875 0.42734375 0.41484375 0.64921875
16 0.39375 0.2046875 0.0984375 0.04453125
16 0.3515625 0.27421875 0.0453125 0.146875
16 0.659375 0.35078125 0.08359375 0.29140625
16 0.61015625 0.58359375 0.1203125 0.2390625
16 0.48671875 0.70703125 0.08828125 0.1515625
14 0.4328125 0.55 0.21796875 0.2359375
14 0.421875 0.51328125 0.1890625 0.18984375
14 0.4375 0.59296875 0.19296875 0.13515625
14 0.44296875 0.63046875 0.18046875 0.1734375
2 0.59296875 0.35234375 0.078125 0.2421875
3 0.4578125 0.31875 0.159375 0.21171875
3 0.4609375 0.2734375 0.15078125 0.0875
3 0.44921875 0.37109375 0.1484375 0.10703125
7 0.52421875 0.18984375 0.13515625 0.165625