15 0.50859375 0.4140625 0.38046875 0.6203125
2 0.43125 0.40859375 0.09921875 0.21875
3 0.55234375 0.325 0.15 0.2203125
3 0.54609375 0.27265625 0.12734375 0.12578125
3 0.565625 0.3640625 0.13203125 0.1390625
14 0.5265625 0.19765625 0.20234375 0.21171875
14 0.52265625 0.18046875 0.121875 0.13203125
14 0.47265625 0.15703125 0.10703125 0.13046875
14 0.58125 0.19765625 0.09921875 0.04609375
7 0.575 0.52265625 0.1765625 0.171875
7 0.565625 0.484375 0.153125 0.05234375
7 0.57109375 0.56640625 0.1515625 0.071875
16 0.38203125 0.51640625 0.10703125 0.165625
16 0.440625 0.640625 0.075 0.09765625
16 0.36171875 0.31875 0.040625 0.18671875
16 0.65390625 0.3328125 0.07109375 0.25546875