17 0.484375 0.4484375 0.375 0.67265625
11 0.478125 0.4703125 0.153125 0.2171875
11 0.63046875 0.51171875 0.07734375 0.146875
12 0.43359375 0.284375 0.1625 0.18203125
12 0.346875 0.49765625 0.10234375 0.45
12 0.44765625 0.62890625 0.121875 0.19453125
12 0.52578125 0.66953125 0.0390625 0.175
12 0.5640625 0.59765625 0.028125 0.0796875
12 0.61484375 0.3640625 0.025 0.02890625
16 0.475 0.19375 0.0984375 0.1609375
16 0.5640625 0.2796875 0.0984375 0.1609375
16 0.5703125 0.71171875 0.04140625 0.13359375