13 0.4890625 0.57578125 0.4234375 0.715625
9 0.309375 0.49921875 0.0859375 0.21015625
9 0.61875 0.56953125 0.0703125 0.1953125
1 0.646875 0.3640625 0.04921875 0.10234375
1 0.47890625 0.24296875 0.10546875 0.16796875
1 0.46015625 0.39921875 0.05234375 0.065625
6 0.42109375 0.3515625 0.0921875 0.0578125
6 0.540625 0.353125 0.1359375 0.05234375
6 0.5671875 0.478125 0.09375 0.1734375
6 0.4984375 0.5515625 0.05546875 0.2046875
6 0.434375 0.65546875 0.1546875 0.28125
6 0.41484375 0.83671875 0.1359375 0.10390625
6 0.30546875 0.67890625 0.05859375 0.12109375