15 0.49765625 0.33515625 0.40625 0.60625
14 0.3796875 0.3125 0.17890625 0.26328125
14 0.3828125 0.253125 0.1375 0.15625
14 0.3703125 0.3734375 0.1359375 0.10703125
16 0.3609375 0.48828125 0.07578125 0.10859375
16 0.48359375 0.54140625 0.1484375 0.18828125
16 0.61015625 0.47265625 0.1015625 0.18203125
16 0.66484375 0.37421875 0.04140625 0.1421875
16 0.67421875 0.2265625 0.040625 0.0953125
3 0.48203125 0.18125 0.1515625 0.234375
3 0.44609375 0.203125 0.0890625 0.20703125
3 0.50859375 0.1734375 0.0828125 0.19921875
7 0.60546875 0.17578125 0.09296875 0.20234375
7 0.58125 0.1671875 0.05546875 0.18046875
7 0.62578125 0.1890625 0.04140625 0.1578125
2 0.56015625 0.37578125 0.13828125 0.18203125