13 0.36875 0.50390625 0.534375 0.95078125
1 0.3671875 0.0859375 0.1328125 0.171875
1 0.57578125 0.16015625 0.059375 0.1546875
1 0.32421875 0.26171875 0.06640625 0.071875
6 0.3 0.19921875 0.08203125 0.0390625
6 0.4421875 0.175 0.17890625 0.0515625
6 0.4609375 0.33203125 0.1109375 0.2625
6 0.353125 0.434375 0.07734375 0.26796875
6 0.2765625 0.60703125 0.1984375 0.3765625
6 0.23046875 0.84140625 0.17109375 0.13125
6 0.13984375 0.64453125 0.06171875 0.18359375
9 0.1484375 0.41328125 0.1125 0.246875
9 0.5234375 0.446875 0.10859375 0.26953125