13 0.5078125 0.6 0.41171875 0.68046875
9 0.3359375 0.5234375 0.09375 0.20078125
9 0.640625 0.5984375 0.0734375 0.19453125
1 0.65546875 0.3890625 0.0625 0.12734375
1 0.496875 0.28046875 0.1 0.15078125
1 0.4859375 0.42578125 0.04296875 0.06328125
6 0.4453125 0.38203125 0.084375 0.05234375
6 0.55859375 0.37890625 0.12109375 0.04609375
6 0.5875 0.50390625 0.084375 0.16953125
6 0.51953125 0.5609375 0.0515625 0.20078125
6 0.45703125 0.66796875 0.15703125 0.25859375
6 0.45859375 0.85625 0.140625 0.06328125
6 0.3390625 0.7 0.04921875 0.13671875