13 0.53046875 0.58515625 0.39921875 0.67109375
9 0.3484375 0.503125 0.08125 0.196875
9 0.6609375 0.58671875 0.0609375 0.18359375
1 0.6765625 0.39453125 0.046875 0.140625
1 0.51953125 0.275 0.09453125 0.16640625
1 0.49765625 0.42109375 0.05078125 0.06171875
6 0.521875 0.375 0.2265625 0.0640625
6 0.47890625 0.66796875 0.16796875 0.27578125
6 0.54140625 0.5609375 0.0703125 0.21640625
6 0.61171875 0.4953125 0.08984375 0.165625
6 0.4828125 0.8625 0.171875 0.14453125
6 0.3578125 0.69453125 0.0546875 0.13359375