15 0.52421875 0.59453125 0.425 0.64609375
14 0.6453125 0.521875 0.15625 0.27734375
14 0.634375 0.5578125 0.10859375 0.20859375
14 0.6671875 0.49921875 0.0921875 0.18671875
3 0.5265625 0.5875 0.146875 0.26171875
3 0.5625 0.57578125 0.06953125 0.20546875
3 0.48984375 0.58359375 0.0921875 0.2265625
7 0.403125 0.61171875 0.0984375 0.28046875
7 0.42421875 0.5796875 0.05546875 0.19765625
7 0.3734375 0.61484375 0.03125 0.28671875
2 0.46953125 0.3828125 0.125 0.140625
16 0.36796875 0.425 0.0609375 0.09921875
16 0.5625 0.803125 0.27265625 0.17578125
16 0.57265625 0.31953125 0.0640625 0.09375