13 0.534375 0.490625 0.478125 0.853125
6 0.4703125 0.584375 0.1828125 0.3203125
6 0.54453125 0.46015625 0.07109375 0.253125
1 0.70390625 0.26875 0.0546875 0.13671875
1 0.5171875 0.1078125 0.1265625 0.20703125
9 0.31953125 0.396875 0.1015625 0.2328125
6 0.4578125 0.80078125 0.17734375 0.11484375
6 0.62421875 0.39453125 0.1109375 0.23359375
6 0.521875 0.38203125 0.075 0.12578125
6 0.5734375 0.24140625 0.1328125 0.0609375
1 0.49765625 0.29140625 0.0703125 0.0875
6 0.4640625 0.46328125 0.08046875 0.07109375
6 0.44140625 0.23828125 0.11640625 0.065625
6 0.5921875 0.3421875 0.05859375 0.08203125
6 0.32109375 0.6171875 0.0671875 0.1796875
6 0.396875 0.43046875 0.08203125 0.2953125
6 0.4578125 0.37578125 0.07578125 0.13203125
9 0.34921875 0.3234375 0.08046875 0.1109375
6 0.39375 0.24921875 0.0328125 0.04453125
6 0.59609375 0.41484375 0.0390625 0.10078125
6 0.41796875 0.35390625 0.025 0.06875