15 0.50625 0.4875 0.46796875 0.72265625
14 0.3859375 0.3984375 0.159375 0.325
14 0.390625 0.34609375 0.109375 0.2296875
14 0.34921875 0.42734375 0.12734375 0.20859375
3 0.51796875 0.35234375 0.17109375 0.25703125
3 0.478125 0.35390625 0.0984375 0.26015625
3 0.559375 0.36875 0.0859375 0.25
7 0.634375 0.4484375 0.125 0.26796875
7 0.62734375 0.4453125 0.075 0.19453125
7 0.66640625 0.4671875 0.046875 0.2265625
2 0.5375 0.6046875 0.17265625 0.17578125
16 0.396875 0.7015625 0.1078125 0.29140625
16 0.5578125 0.784375 0.1625 0.2171875
16 0.65859375 0.72109375 0.05 0.1578125