9 0.35 0.27265625 0.09921875 0.2640625
1 0.5484375 0.165625 0.06640625 0.08125
1 0.565625 0.04453125 0.11953125 0.0890625
1 0.7671875 0.13515625 0.06796875 0.13671875
6 0.58203125 0.1140625 0.30546875 0.07109375
6 0.51484375 0.49140625 0.171875 0.33515625
6 0.53203125 0.7421875 0.19609375 0.18359375
6 0.36640625 0.51171875 0.075 0.1390625
6 0.5921875 0.340625 0.0671875 0.2609375
6 0.6875 0.2734375 0.12890625 0.221875
9 0.75390625 0.41640625 0.08203125 0.2390625
13 0.571875 0.415625 0.52734375 0.83125