15 0.353125 0.5 0.70546875 1
3 0.27421875 0.4 0.26640625 0.5296875
3 0.1984375 0.4234375 0.1359375 0.46875
3 0.32421875 0.3703125 0.17421875 0.52578125
7 0.50546875 0.42890625 0.19453125 0.59140625
7 0.4734375 0.4359375 0.12578125 0.50703125
7 0.56640625 0.421875 0.06328125 0.58203125
2 0.35703125 0.85546875 0.2796875 0.2890625
14 0.1390625 0.1671875 0.084375 0.10703125
14 0.103125 0.5421875 0.19375 0.6140625
14 0.0828125 0.48984375 0.1625 0.4734375
16 0.58203125 0.87265625 0.1421875 0.2546875
16 0.1546875 0.92421875 0.09375 0.10703125
16 0.325 0.08203125 0.334375 0.1640625
16 0.40859375 0.240625 0.0953125 0.2265625