15 0.5546875 0.5 0.80390625 1
16 0.24375 0.34140625 0.14609375 0.33125
16 0.4375 0.671875 0.309375 0.51015625
16 0.7 0.85859375 0.2296875 0.27421875
16 0.871875 0.71640625 0.10390625 0.228125
7 0.859375 0.2625 0.14921875 0.4640625
7 0.84140625 0.2359375 0.08828125 0.4015625
7 0.89921875 0.3859375 0.04453125 0.20859375
2 0.74140625 0.53359375 0.28046875 0.3296875
14 0.40078125 0.21640625 0.396875 0.4328125
14 0.365625 0.1609375 0.22890625 0.321875
14 0.471875 0.11484375 0.1921875 0.2296875
14 0.56015625 0.2609375 0.103125 0.1515625
3 0.68515625 0.17265625 0.21328125 0.34453125
3 0.6234375 0.13359375 0.11328125 0.2671875
3 0.740625 0.17421875 0.1 0.33515625