15 0.4953125 0.478125 0.79375 0.95625
14 0.2953125 0.1953125 0.28203125 0.390625
14 0.25234375 0.23203125 0.17421875 0.28671875
14 0.3296875 0.15234375 0.18984375 0.30390625
3 0.528125 0.1609375 0.240625 0.321875
3 0.4671875 0.1453125 0.1078125 0.290625
3 0.57890625 0.175 0.13046875 0.34921875
7 0.7375 0.23125 0.1484375 0.3953125
7 0.6984375 0.2140625 0.1234375 0.3140625
7 0.784375 0.27890625 0.06875 0.36796875
2 0.553125 0.47890625 0.31953125 0.28984375
16 0.17578125 0.3765625 0.115625 0.26015625
16 0.28828125 0.65859375 0.1875 0.4015625
16 0.60234375 0.771875 0.178125 0.34921875
16 0.76171875 0.64296875 0.1203125 0.34140625
16 0.85859375 0.4484375 0.05625 0.1546875