15 0.4953125 0.3875 0.378125 0.67421875
14 0.4109375 0.1875 0.12578125 0.25546875
14 0.38125 0.190625 0.05390625 0.21328125
14 0.44140625 0.16640625 0.05625 0.225
3 0.5265625 0.25390625 0.13046875 0.26796875
3 0.50234375 0.22109375 0.08359375 0.20703125
3 0.5578125 0.265625 0.07109375 0.21875
7 0.60703125 0.4265625 0.1703125 0.20078125
7 0.59453125 0.39375 0.1375 0.1375
7 0.634375 0.4328125 0.1125 0.17890625
2 0.46328125 0.44375 0.159375 0.1640625
16 0.32734375 0.25234375 0.06171875 0.1546875
16 0.3203125 0.42578125 0.05 0.1625
16 0.4484375 0.59921875 0.11015625 0.140625
16 0.54453125 0.65390625 0.06328125 0.13515625
16 0.63359375 0.23203125 0.06484375 0.20078125
16 0.56015625 0.11171875 0.053125 0.11640625