15 0.48984375 0.3640625 0.36171875 0.64765625
2 0.415625 0.36953125 0.11640625 0.20546875
3 0.52890625 0.2546875 0.15859375 0.21875
3 0.51015625 0.20234375 0.11484375 0.14375
3 0.553125 0.29609375 0.1125 0.13359375
7 0.56015625 0.46015625 0.15859375 0.1734375
7 0.56328125 0.41875 0.1578125 0.0875
7 0.565625 0.50390625 0.175 0.0703125
16 0.38125 0.11796875 0.05703125 0.11953125
16 0.35703125 0.290625 0.09453125 0.221875
16 0.3578125 0.5015625 0.10234375 0.20078125
16 0.44609375 0.58515625 0.10859375 0.175
16 0.55859375 0.6078125 0.0734375 0.0953125
16 0.63671875 0.2328125 0.07734375 0.2421875
14 0.4625 0.11171875 0.1328125 0.18359375
14 0.4296875 0.08984375 0.075 0.13046875
14 0.490625 0.12421875 0.1046875 0.171875