13 0.5 0.49375 0.49375 0.840625
6 0.4515625 0.59375 0.17109375 0.31015625
6 0.603125 0.3953125 0.10078125 0.1890625
6 0.5234375 0.46640625 0.0640625 0.26015625
6 0.4234375 0.2296875 0.10703125 0.07109375
6 0.56015625 0.23671875 0.1421875 0.05234375
9 0.30390625 0.39921875 0.10625 0.25703125
9 0.6640625 0.51328125 0.0703125 0.2046875
6 0.3015625 0.61484375 0.0578125 0.14296875
6 0.434375 0.79375 0.15546875 0.10625
1 0.48359375 0.3 0.06015625 0.06953125
1 0.49296875 0.10390625 0.10546875 0.1890625
1 0.68359375 0.271875 0.07109375 0.13359375