15 0.4890625 0.35703125 0.359375 0.64375
2 0.42578125 0.384375 0.13828125 0.20859375
3 0.5328125 0.25078125 0.1390625 0.246875
3 0.51015625 0.21328125 0.1171875 0.15
3 0.54765625 0.27890625 0.115625 0.18671875
7 0.58671875 0.46171875 0.17421875 0.19140625
7 0.57578125 0.41015625 0.15625 0.0921875
7 0.60234375 0.4734375 0.15859375 0.11953125
16 0.60390625 0.14453125 0.05703125 0.13359375
16 0.63515625 0.284375 0.075 0.1671875
16 0.3921875 0.52890625 0.11796875 0.1578125
16 0.47890625 0.61875 0.07734375 0.11015625
16 0.3296875 0.3453125 0.04140625 0.1671875
14 0.440625 0.14296875 0.121875 0.215625
14 0.40546875 0.13046875 0.0625 0.16875
14 0.46796875 0.1296875 0.09453125 0.19140625