15 0.4703125 0.5234375 0.33671875 0.58671875
2 0.4171875 0.3984375 0.0734375 0.1875
14 0.52578125 0.33203125 0.19453125 0.21796875
14 0.546875 0.384375 0.15703125 0.1078125
14 0.5140625 0.27265625 0.16640625 0.09609375
3 0.53671875 0.5328125 0.15234375 0.18515625
3 0.5359375 0.4828125 0.115625 0.08671875
3 0.528125 0.57578125 0.13125 0.10078125
7 0.496875 0.66953125 0.125 0.17578125
7 0.51015625 0.65390625 0.08046875 0.07578125
16 0.39609375 0.275 0.075 0.08828125
16 0.33828125 0.52890625 0.0953125 0.44609375
16 0.40703125 0.6578125 0.0609375 0.32578125