13 0.2265625 0.7640625 0.30234375 0.471875
13 0.64609375 0.34921875 0.390625 0.67109375
6 0.609375 0.33125 0.15078125 0.1640625
6 0.75 0.290625 0.171875 0.54453125
6 0.546875 0.03359375 0.06640625 0.0671875
6 0.575 0.1046875 0.0546875 0.1078125
4 0.271875 0.6765625 0.23203125 0.29140625
1 0.33515625 0.86015625 0.05234375 0.1234375
1 0.29296875 0.953125 0.10703125 0.0921875
1 0.48203125 0.43046875 0.1125 0.18359375
1 0.55546875 0.51796875 0.1015625 0.1375
1 0.6 0.6140625 0.08359375 0.125
9 0.1703125 0.95703125 0.0578125 0.0859375
9 0.4984375 0.29140625 0.1015625 0.14453125
9 0.5390625 0.17890625 0.08125 0.20078125