13 0.334375 0.703125 0.3203125 0.5515625
13 0.740625 0.26875 0.41953125 0.5375
9 0.27578125 0.88984375 0.0671875 0.15234375
9 0.34921875 0.95390625 0.04921875 0.0921875
9 0.59765625 0.21171875 0.1 0.12734375
9 0.63046875 0.0875 0.10703125 0.1640625
6 0.678125 0.03828125 0.05 0.0765625
6 0.70078125 0.225 0.1453125 0.1640625
6 0.73125 0.25 0.0171875 0.10625
6 0.73515625 0.41953125 0.08671875 0.05625
6 0.840625 0.32265625 0.09375 0.1578125
6 0.83515625 0.2421875 0.16796875 0.484375
1 0.58984375 0.340625 0.1375 0.1484375
1 0.64765625 0.41171875 0.11328125 0.14609375
1 0.7046875 0.49140625 0.08046875 0.13515625
1 0.4015625 0.8546875 0.10390625 0.1234375
1 0.44765625 0.73984375 0.034375 0.121875
4 0.37265625 0.5859375 0.24921875 0.2796875