13 0.6390625 0.32421875 0.3984375 0.64765625
13 0.23984375 0.72734375 0.30234375 0.5453125
1 0.4921875 0.42578125 0.10234375 0.1578125
1 0.56875 0.5078125 0.10625 0.14453125
1 0.61171875 0.6140625 0.07578125 0.10078125
1 0.2953125 0.94140625 0.1046875 0.11328125
6 0.62109375 0.31015625 0.1640625 0.15859375
6 0.7546875 0.27578125 0.16484375 0.5515625
9 0.54609375 0.1765625 0.0984375 0.20625
9 0.5140625 0.28984375 0.075 0.1296875
4 0.28828125 0.63984375 0.22109375 0.31640625
9 0.1796875 0.94375 0.07265625 0.0984375