4 0.40234375 0.54453125 0.45390625 0.73515625
7 0.22421875 0.665625 0.10234375 0.3015625
7 0.9078125 0.56875 0.1078125 0.13671875
7 0.96484375 0.49453125 0.06953125 0.13515625
10 0.38203125 0.41640625 0.321875 0.47265625
0 0.50234375 0.63515625 0.2515625 0.46171875
1 0.3203125 0.821875 0.10390625 0.16171875
15 0.8625 0.3484375 0.275 0.57734375
14 0.83125 0.4234375 0.12421875 0.21796875
14 0.84921875 0.26953125 0.125 0.14453125
3 0.8484375 0.2015625 0.153125 0.10078125
5 0.875 0.128125 0.19140625 0.13515625
2 0.94609375 0.3 0.0734375 0.1796875