4 0.29921875 0.6765625 0.3625 0.5796875
7 0.159375 0.78203125 0.08671875 0.2390625
7 0.69765625 0.65234375 0.078125 0.1015625
7 0.7421875 0.5953125 0.07421875 0.1015625
10 0.27890625 0.575 0.2390625 0.3703125
0 0.37734375 0.721875 0.19296875 0.35390625
2 0.7125 0.4515625 0.0546875 0.13828125
1 0.23828125 0.8875 0.096875 0.12734375
15 0.6671875 0.49453125 0.23515625 0.42265625
14 0.62734375 0.57265625 0.08671875 0.140625
14 0.63984375 0.43359375 0.10234375 0.1015625
5 0.6640625 0.33359375 0.1453125 0.10703125
3 0.63671875 0.38359375 0.10703125 0.06796875