4 0.2921875 0.66953125 0.37578125 0.58828125
7 0.15234375 0.7765625 0.096875 0.24375
7 0.69375 0.65078125 0.07734375 0.10703125
7 0.7453125 0.5921875 0.0765625 0.08046875
1 0.2328125 0.88984375 0.09921875 0.13203125
10 0.2640625 0.5671875 0.23359375 0.34765625
0 0.36484375 0.72890625 0.20078125 0.31640625
15 0.66953125 0.4953125 0.23515625 0.415625
14 0.6296875 0.56796875 0.0859375 0.128125
14 0.64375 0.42890625 0.09921875 0.0921875
3 0.63671875 0.36953125 0.103125 0.06953125
5 0.6625 0.325 0.1390625 0.09140625
2 0.7140625 0.44609375 0.04921875 0.140625