4 0.390625 0.53828125 0.42890625 0.69375
7 0.225 0.6546875 0.10234375 0.296875
7 0.86171875 0.5578125 0.0984375 0.12890625
7 0.928125 0.4921875 0.09296875 0.13046875
10 0.37421875 0.4171875 0.28984375 0.43984375
0 0.4765625 0.62265625 0.23984375 0.428125
1 0.315625 0.79375 0.1046875 0.175
15 0.84140625 0.36171875 0.284375 0.5421875
14 0.79140625 0.4578125 0.1140625 0.17265625
14 0.81015625 0.2875 0.11875 0.13359375
5 0.8328125 0.1609375 0.18046875 0.134375
3 0.81484375 0.21640625 0.13203125 0.10859375
2 0.896875 0.31015625 0.06640625 0.15625